1679.09,1678.57,0,3.25923,6,0.481485,1,-1.50284e-17,2.8227e-17,0.00158335,0.00355746,0.0354247,0.00197347,-0.00725528,-0.00458343,-0.00173053,-0.000472572,-0.00599425,-0.000728928,0.000617322,0.0459958,-0.00668722,0.00311958,-0.0005866,0.00335136,0.0016635,0.00751265,0.00318077,0.000288006,-0.00264112,0.0020702,-0.00259115,-0.000524777,0.0106201,
1851.29,2079.9,0,2.55072,6,0.481485,1,4.21561e-17,4.61322e-17,5.07728e-05,-0.0142418,0.0313487,-0.012353,-0.00725309,-0.00841889,0.00402905,0.00138739,-0.00835487,0.00505771,-0.0145984,0.064931,-0.00673167,0.00478371,0.00624362,0.000126701,-0.0115283,0.0130682,0.00990292,-0.00810819,-0.00557875,-0.00415172,-0.000605178,0.000433327,0.0180223,
1037.4,1712.07,0,3.66353,6,0.481485,1,1.2405e-09,-2.38605e-09,-0.00586766,0.00797135,0.035164,0.000743055,-0.00139752,-0.00129911,-0.00699127,-0.00398318,0.00182671,-0.000255667,-0.0072068,0.0563176,-0.00630407,-0.000151968,0.0039926,-1.37237e-05,0.00140035,-0.00257023,-0.000595918,-0.00736509,0.0052629,0.00601435,1.01875e-05,7.52328e-05,0.0125348,
644.036,1277.48,0,3.20046,6,0.481485,1,4.07331e-09,6.3766e-09,0.00538312,0.000672055,0.0326726,-0.00363822,0.00198532,0.00163214,0.00336967,0.00332367,0.000730321,0.00366058,-0.002659,0.0564135,0.000488896,0.00173581,-0.000716211,-0.00397168,-0.00254416,-0.00451013,1.08743e-05,-0.0112185,0.00440934,0.00407564,0.0124892,-0.00913013,0.0166435,
1866.82,3572.3,0,3.11101,6,0.481485,1,-1.67375e-17,3.44701e-18,0.00710678,-0.00428339,0.0374948,0.00842402,-0.00383878,0.00126816,0.00256268,0.00139323,0.002048,0.00373005,-0.00325758,0.0699905,-0.00545924,0.00328385,-0.00537693,-0.000276625,-0.0138994,0.000966147,-0.00759103,0.00154785,0.00961934,-0.00204366,-0.0142007,-0.000252618,0.0300667,
1772.7,2981.45,0,2.80787,6,0.481485,1,2.48316e-17,2.42224e-17,-0.0013519,0.00424695,0.0373174,-0.00771536,0.0040777,0.00547418,-0.00275932,0.00531268,-0.0021553,0.0135245,0.00282688,0.0552868,-0.00315377,0.000463829,-0.00695223,-0.0024019,-0.0115703,0.00110232,-0.00132437,-0.000647667,0.00199815,-0.00162548,0.00541961,-0.00394091,0.0274694,
1551.19,2047.71,0,2.75256,6,0.481485,1,3.63092e-17,1.06586e-17,-0.00403427,-0.0120677,0.0333571,-0.0128725,-0.0106495,0.00446554,0.00066384,0.000435738,-0.00747888,0.00855502,0.00786372,0.0579724,0.00381031,0.00103733,-0.0024794,-0.00545165,0.00878362,-0.00577466,-0.0033126,-0.0132432,-0.00195128,0.00304194,-0.00640135,0.00855878,0.00827529,
1533.83,3087.5,0,2.72925,6,0.481485,1,-3.60904e-09,-1.53376e-09,0.000262686,-0.00677589,0.0374635,0.00149602,-0.00196058,-0.00658145,-0.00468098,0.00164165,-0.00010008,0.0110726,-0.0122984,0.0495977,-0.00539481,0.00138952,0.000192735,-0.003215,0.00397382,0.00103162,0.00021409,-0.0053792,0.00263593,-0.00330018,0.00423198,0.000830678,0.0156649,
402.915,2865.23,0,3.02896,6,0.481485,1,-1.98169e-16,-1.79585e-16,-0.00283387,0.00573913,0.0359288,0.00658518,-0.00637587,-0.0117419,-0.00229838,-0.00058629,0.00996423,0.0022904,0.003981,0.0461798,-0.00987087,0.00458153,-0.00198536,0.00613016,-0.012975,-0.00560854,0.00616747,-0.00410664,0.00199538,-0.00332829,-0.0085003,0.00132789,0.0172972,
1717,1551.84,0,2.46453,6,0.481485,1,1.55394e-09,7.3981e-09,0.0108782,0.00113166,0.0362576,-0.00398787,-0.00346605,-0.000502794,0.0159696,-0.00363024,0.00218729,-0.00286321,0.00249915,0.0333935,0.00143771,0.000309307,0.00567598,0.00444945,0.00248856,0.00533887,-0.00584622,0.00208372,-0.00325516,-0.00124482,0.00030656,-0.0110621,0.0344469,
950.104,38.3815,0,8.39518,6,0.481485,1,-6.52074e-10,2.92357e-10,0.00091171,-0.000777443,0.0598931,-0.000745653,-0.00051813,-0.00103378,0.00200925,0.000797248,-0.000376638,0.000132924,0.000270061,0.0341491,-0.000136713,0.000452065,0.000449825,-1.04896e-05,-0.000275796,-0.000101955,-0.000301528,0.000448897,-0.000252354,-0.00023822,-0.000187527,-0.000399352,0.0300529,
1962.36,4042.04,0,7.53555,6,0.481485,1,-3.25644e-10,7.27709e-11,-0.000833044,-0.0010073,0.0608943,-0.00108692,-0.00103559,-0.000921604,0.00136751,9.17861e-05,-0.000627575,-0.000586725,-4.37051e-05,0.0352757,0.000615156,-0.000639878,0.00025683,0.000283917,0.00021449,8.23794e-05,0.00039765,5.40286e-05,-7.2587e-05,0.000360283,0.000425249,0.000135581,0.0308564,
1637.38,1727.27,0,7.47898,6,0.481485,1,-1.64771e-09,3.21778e-10,-0.000886108,-0.00271709,0.0573444,-0.000356159,-0.00126248,-0.00137872,0.000865268,-0.000719855,0.000468046,-0.000169504,0.000205278,0.0362959,-0.000785002,2.42009e-05,-0.000563208,0.000340607,-0.000400028,0.000387362,-0.00012922,0.000434205,0.000717348,-0.000331717,-0.000346083,-0.000956297,0.0293082,
632.269,2301.94,0,7.91194,6,0.481485,1,-4.28559e-10,2.38006e-09,-0.000764874,-0.00192723,0.051797,0.000292685,-0.000644492,-0.00213428,0.000415084,-5.32132e-05,-0.00112533,0.000197359,0.000492422,0.0420181,-0.00116531,0.000137006,-0.000896818,-7.51408e-05,0.00030371,0.000614458,-0.000129936,-0.000509168,0.000302966,0.000582422,-0.000593109,-0.000567542,0.0274556,
564.349,2830.23,0,7.73281,6,0.481485,1,-1.39285e-09,4.90292e-09,-0.000164693,-0.00113849,0.0485045,-0.000968395,0.000862818,0.000708522,0.00248365,-0.00227529,0.0004812,-0.000343509,0.00103337,0.0441902,0.000705501,-4.32014e-05,0.000129956,-0.000397141,-0.00119845,0.00049787,0.00108772,0.000599219,0.000330015,-0.000519566,-0.000881606,6.41702e-05,0.0242873,
1927.96,676.077,0,6.92393,6,0.481485,1,-3.94368e-09,3.79613e-09,0.000280255,0.000507277,0.0506031,-0.000672335,0.000674076,-0.000258294,0.00293911,0.000463373,0.000541918,0.000575157,-0.000638372,0.0470384,-0.000278679,4.68946e-05,0.000146426,-0.000431126,-0.000591174,-0.00114708,0.00093462,-0.00106518,-0.00137286,-1.38973e-05,-0.000615833,0.000674596,0.0227657,
1892.15,3917.98,0,6.89769,6,0.481485,1,4.78289e-17,2.07865e-17,-0.00120929,-0.00243064,0.0515859,-0.000431586,-0.00023696,0.00183005,0.00175872,7.00283e-05,-0.000525689,-0.000374467,0.000630409,0.0440294,-8.2774e-05,0.000361369,2.09473e-05,0.000684646,-0.00266307,0.000233038,-4.8876e-05,-0.000281514,-0.000747901,0.000709418,0.000352051,0.00140573,0.0235272,
500.433,98.3347,0,7.63558,6,0.481485,1,9.68338e-18,-1.07988e-17,-0.00252603,-0.000189117,0.0447632,0.0001058,-0.000103673,-9.94352e-05,-0.000397446,-0.00120956,-0.000987683,0.000973846,-0.000689461,0.0460599,-0.00103008,-4.61292e-05,-0.000286387,0.00135925,-0.00118621,-0.000481004,0.000349584,-0.000969104,0.000261866,-0.000491292,2.20077e-05,0.000204533,0.02446,
847.368,2839.42,0,7.56265,6,0.481485,1,-2.58232e-10,-3.72917e-11,0.00185548,-0.00153558,0.0473628,-0.00077218,-0.00045827,-0.00143536,0.00310548,-8.06702e-05,-0.00115662,0.000647036,0.000832032,0.0442362,0.00115685,0.000945973,0.000828819,-0.00115771,0.00012807,0.000141055,0.000600104,0.000343432,-0.000231493,0.000321293,-0.00046088,-0.000910822,0.0241454,
1533.36,278.039,0,6.61206,6,0.481485,1,-1.66937e-10,-6.23357e-10,-0.00125906,-0.00238153,0.0463474,-0.00124425,0.00030222,-0.000475418,0.00174939,0.000524153,0.00167908,0.00118476,-0.000513086,0.0462112,0.000115841,0.000514306,0.00142402,-0.000559102,0.00079907,-0.000489548,0.00100853,4.58728e-05,-0.000205388,-0.000600001,-0.000921951,-0.00122547,0.0224994,
728.273,2916.29,0,7.10597,6,0.481485,1,-2.696e-10,4.38803e-10,0.00162881,0.000422969,0.0459747,-0.00131676,-0.00123147,-0.000978987,0.00289574,-0.00205572,-0.000317033,-5.43893e-05,-0.000607128,0.044866,0.000499578,0.00213708,0.00239522,4.59106e-06,0.000598064,-0.000781692,-0.000908507,-4.69202e-05,0.00237802,0.000346997,0.00380069,0.000670736,0.0236252,
1249.78,2508.18,0,6.27932,6,0.481485,1,9.56322e-10,1.54717e-09,-0.00079456,-0.000163951,0.0475926,0.000341616,-0.000931964,-5.42347e-05,0.00197897,-0.000369569,-0.000907324,0.00274361,0.000360737,0.046276,-0.000233556,0.000865138,0.000427337,-0.000384037,-0.00122711,0.000516841,0.00187134,-9.32741e-05,0.000101987,7.59274e-05,-0.000585261,0.000894634,0.0215308,
309.421,3092.35,0,6.84348,6,0.481485,1,2.1557e-09,-4.59089e-09,0.00104353,-0.0013272,0.0457607,-0.00176824,0.000270026,0.000396694,-0.00088468,-0.000841046,-0.000331411,-0.00274445,-0.00053978,0.0453831,-0.000175378,0.00034495,-0.00028879,0.000153121,-0.00146815,0.000318543,0.000753645,0.000569258,0.00023268,0.00101444,0.00137178,0.000375376,0.0214502,
1976.05,1966.41,0,5.85141,6,0.481485,1,-4.11514e-10,-1.42582e-10,0.00148713,-0.00136771,0.0469988,0.000254873,-0.00330272,-0.00254591,0.000420377,-0.00367649,0.000366715,-0.0011905,0.000201967,0.0472227,0.00167749,-0.000656944,7.44334e-05,0.000573998,-0.000180648,-0.000631714,-0.00100051,-0.00144688,0.00283749,9.21785e-05,-0.00153934,0.00109984,0.0181514,
2011.84,993.282,0,5.64084,6,0.481485,1,3.78501e-09,-3.59376e-09,0.000473133,-0.00163442,0.0493894,-6.93181e-05,0.00105967,-0.00113921,-0.000539428,-0.000192234,-0.00199895,0.00331893,-0.00166627,0.0493751,0.00154072,0.000195873,-0.00126673,-0.00243407,-0.00415308,-0.000766376,0.000953364,0.000970313,0.000375277,0.000658654,-0.00188444,-0.000850651,0.0207093,
1343.09,198.78,0,5.56635,6,0.481485,1,1.81767e-10,1.988e-10,-0.00206222,0.0011135,0.0478722,0.00127046,0.00116932,-0.00136433,0.00153249,-0.00033718,-0.00376042,-0.000281094,0.000537285,0.0493433,0.00181899,0.000741721,-0.00235836,0.00044905,0.000766854,0.000134839,-0.0011172,-0.000572759,-0.00204805,0.000705542,-0.00086874,-0.000774548,0.0234974,
1637.37,191.291,0,5.55641,6,0.481485,1,-2.23893e-10,-1.97495e-10,0.00343701,-0.00329207,0.0420431,0.00113245,-0.000692142,-0.00365475,0.000267685,-0.00197852,0.00168238,0.00243408,0.000288627,0.0506599,-0.000666264,-0.00152756,-0.00209459,0.000514497,0.000504901,0.000106874,-0.00226999,-0.00328816,-0.00183704,-2.95397e-06,-0.00383406,-0.00276602,0.0195435,
246.975,1733.39,0,6.17274,6,0.481485,1,-2.74863e-17,8.83829e-17,0.000194818,0.00324281,0.0444819,0.000498098,0.00195459,-0.0016755,0.00361861,0.000728745,-0.00179756,0.00264285,-0.00186313,0.0505041,-0.00300707,0.000552916,-0.00260997,-0.00183672,0.00229732,-0.00144372,-0.00116517,0.00154492,-0.00121733,-0.000914226,-0.00120466,0.0025804,0.0226132,
1685.14,1590.32,0,5.55588,6,0.481485,1,-8.01943e-17,-1.47051e-17,-0.00101517,-0.00111795,0.0430725,-0.00240108,-0.00259941,-0.0015987,-0.00306493,-0.00199864,0.00152785,0.00332246,0.000798452,0.0464632,-0.00148327,-0.000813823,-0.000975784,0.00165099,0.00383528,0.00391012,0.000956299,0.00068195,0.000337878,-0.000895311,-0.00341851,-0.00110408,0.0222239,
1852.44,2679.29,0,5.47401,6,0.481485,1,-6.21463e-17,-2.05564e-17,-0.00012169,-0.000953787,0.0442779,-0.00194148,-0.00121947,-0.00104465,-0.00217716,0.00104952,0.00102569,0.00210849,0.00368155,0.0471511,-0.00126882,-0.00213308,0.000836981,0.00160375,-0.00310162,0.00119436,0.00246247,0.00225637,0.0004423,0.00323046,0.000238657,-0.00186848,0.0270793,
1613.11,612.974,0,5.43216,6,0.481485,1,2.04521e-17,1.41149e-16,-0.00208878,-4.72419e-05,0.0472547,0.000618398,0.000574637,-0.00159927,0.00365727,0.000805163,-0.00133497,0.000579083,0.00161218,0.0467834,0.00219172,0.00110027,-0.000749858,-0.00198034,-0.000761491,-0.00427138,0.00338437,0.000560373,-0.000371685,0.000332357,-0.00160524,-0.000545874,0.0207053,
1931.3,1336.41,0,5.41023,6,0.481485,1,3.41127e-17,-1.22926e-17,-0.000920105,-0.00204453,0.0447795,-0.00175364,-0.00219379,-0.00683728,0.00223604,-0.00240364,0.00164153,0.000531997,0.000702178,0.0483799,0.000369273,-0.000689923,0.00143113,0.00292214,0.00264892,0.00226739,-0.000229952,0.000665468,0.0003221,-0.000815125,-0.000478493,-0.0010851,0.0173405,
362.204,1191.45,0,5.87847,6,0.481485,1,-3.02485e-09,4.50086e-10,0.00292225,-0.0037008,0.0412903,0.000161679,-0.00123418,-0.00202116,0.00116556,-0.00261003,-0.00101427,-0.00134618,-0.0006184,0.0501428,0.000390557,0.0015157,-0.00140535,-0.000137392,-0.00156278,-0.00137358,-0.00124623,-0.000411308,-0.000472061,-0.000583951,-0.000617353,9.66679e-06,0.023358,
1278.03,992.558,0,5.10944,6,0.481485,1,5.5631e-09,7.22908e-10,-0.00372683,-0.0034224,0.0445157,-0.00163868,0.00257592,0.00402415,0.00348389,6.54286e-05,0.00165917,0.00212609,-0.000788929,0.0496808,0.000994286,0.00047992,-0.000368434,0.00173513,0.000408551,0.0024587,-0.00382893,2.9237e-05,0.00233668,0.000517392,0.000180345,0.00322663,0.0180168,
124.354,3449.11,0,5.57087,6,0.481485,1,1.3795e-09,-2.50894e-10,-0.0020213,-0.00229526,0.0434162,-0.000301405,-0.000300734,0.00214046,-0.0015632,-0.000177372,0.000345418,-0.00484358,0.00321277,0.0487423,0.00104989,-0.000239433,-0.000612735,0.000561248,0.00133464,0.000643959,0.000155045,0.000721668,0.00369202,-0.000396993,0.000273179,-0.00076964,0.0188963,
1848.55,3888.01,0,5.44613,6,0.481485,1,-1.39619e-16,-3.93343e-17,-0.000539774,-0.00439009,0.0433552,-0.00612619,-0.000321703,-0.00539279,-0.00344454,-0.000807661,0.00135014,0.00388874,0.00293216,0.0542294,0.00102121,0.00128739,0.00282293,-0.00282153,0.00202225,0.000350123,-0.00184048,-0.00176402,-0.00355197,0.00271169,-0.000962689,-0.000400949,0.016491,
1853.41,3908.89,0,4.92904,6,0.481485,1,-6.50626e-10,8.38417e-10,-0.00163635,0.0010916,0.0447665,0.00272727,-0.000449659,-0.00159431,0.00276237,7.17959e-06,4.06543e-05,0.0005426,6.66642e-05,0.0491006,-0.000899473,0.00129172,-0.00290544,0.00150061,0.000393142,-0.00134209,-0.00343565,-0.00251222,0.00145076,-0.00117254,0.000490411,-0.00210514,0.0250638,
1568.39,3648.4,0,4.91055,6,0.481485,1,-2.89418e-09,2.31651e-09,-0.000292239,-0.00110041,0.0446894,-0.000622051,-0.000150233,-0.00465527,0.00150654,0.00111552,0.00249508,-0.00366418,-0.000212583,0.0452393,-8.231e-05,-0.000386662,-0.000994573,-0.00115117,-0.000796535,0.00212972,-0.00109759,0.00248058,-0.0038504,0.00305284,0.00249086,0.00176152,0.0153141,
1479.45,3650.33,0,4.89144,6,0.481485,1,-7.37844e-09,-3.41036e-09,-0.00135962,-0.00124559,0.0417924,-0.00105019,0.00179231,-0.00466863,-0.0010511,-0.00430519,-0.00100987,0.000449804,-0.00037781,0.0483939,-0.000629807,-0.00245952,0.00244721,-0.001748,0.00261968,0.00266891,-0.00125592,0.000815767,0.00156302,0.000402143,-0.00309211,-0.00364155,0.017738,
965.001,3928.16,0,5.40575,6,0.481485,1,-1.91781e-11,7.68858e-10,0.00269111,-0.00440852,0.0397068,0.00330007,-0.0016235,-0.00156136,0.00294934,-0.00154734,-0.00185999,-0.00137395,0.00037779,0.056932,0.000113818,0.00273422,-0.0038598,-0.00172616,0.000517713,-0.00078077,0.00185094,-0.00172889,-0.000281367,0.0019792,-0.000427617,0.00375839,0.0110806,
1619.42,3669.84,0,4.8467,6,0.481485,1,-1.65964e-09,7.02072e-09,-0.00345961,-0.00262819,0.0450768,-0.0018517,-0.00456895,-0.00408869,0.00152376,0.000137307,-0.00223832,-0.00149443,0.000356828,0.0515101,0.00137934,-0.00117044,-0.00258616,0.000179291,0.000124577,0.00301335,0.00315368,0.00263003,-0.00034929,0.00140874,0.00144009,0.00116011,0.0218134,
654.888,38.9401,0,5.34275,6,0.481485,1,-1.20804e-09,-5.71335e-10,0.00171364,-0.00215413,0.0457157,0.00236741,-0.00258792,-0.00426922,-0.00110009,0.0045492,-0.00231371,0.00120916,-0.00149601,0.0478668,0.00129627,-0.00282907,-0.000476019,0.00325756,-9.2757e-05,-0.00156865,0.00583487,0.00295983,-0.00232939,-0.00164176,0.000519738,0.0016252,0.0173752,
1818.21,2170.12,0,4.77048,6,0.481485,1,1.83502e-09,2.6116e-09,0.00404318,-0.00130286,0.046647,-0.000403681,-0.0029184,0.0018074,-0.00116127,0.00217372,0.00733616,-0.00150381,-0.00138091,0.04986,0.00183852,-0.00169924,-0.00402589,0.00320946,0.000128057,-0.00350211,0.00142681,0.000110502,-0.00123022,-0.00145076,0.00140455,-0.00234413,0.0153259,
1335.96,2116.64,0,4.60363,6,0.481485,1,4.59266e-17,-3.04377e-17,-0.00112764,0.00817113,0.0462292,-0.00258669,0.00255965,0.000373347,-0.00104351,-0.00360452,0.000502812,0.00318573,-0.00689428,0.048611,-0.000860028,-0.00119345,0.0026243,0.00339467,0.000254202,0.00483371,-0.0031065,-0.00570414,0.00153143,0.000943002,-0.000877232,0.0009504,0.0257149,
1073.75,3471.82,0,4.63086,6,0.481485,1,-6.29874e-18,-2.096e-18,-0.000454631,0.00169575,0.0403246,-0.00116243,-0.000528877,-0.0037065,-0.000129025,0.000395275,-0.00342298,-0.00324292,0.00447821,0.0488217,-0.00190567,-0.000431474,-0.00468262,0.00268199,-0.0027716,-0.00469075,0.00166181,-0.000187195,-0.00149591,0.000236173,0.00188394,-0.00437442,0.0227208,
946.504,1205.96,0,2.69962,6,0.481485,1,2.16835e-09,-2.49726e-10,-0.00626156,-0.00649546,0.0427261,0.000884489,-0.00418321,0.00395001,0.00390899,-0.00216577,0.00322039,0.00299384,0.00618781,0.0408675,-0.0014779,0.00385844,-0.00121205,0.000367208,0.00446916,-0.00142199,0.0124911,0.00506953,-0.00730808,0.00293805,-0.00885003,0.000340031,0.034346,
1908.96,3935.37,0,2.43553,6,0.481485,1,-3.85857e-17,-6.41847e-17,-0.00072995,0.00736578,0.0404792,-0.00733836,0.0120997,-0.000823318,-0.0049311,0.00847872,0.00787408,0.0144269,-0.00724193,0.0492418,-0.00218626,0.01546,-0.005172,-0.00322186,-0.00387465,0.0114582,-0.00716398,-0.0161865,-0.00203054,-0.0037974,-0.00554907,0.0105318,0.0120913,
888.765,1430.96,0,2.60574,6,0.481485,1,-5.56676e-09,5.44546e-09,0.00556899,0.00387388,0.0444418,-0.0112736,-0.0126425,0.00277582,-0.00289033,-0.00341148,-0.00204047,-0.00234599,0.000811347,0.0342857,-0.000315005,0.00368021,0.00490283,-0.00252786,0.00364506,0.00524688,0.00198167,-0.00412786,0.0128521,0.0092838,-0.00376037,0.0105146,0.00655711,
1175.88,4040.08,0,7.58496,6,0.481485,1,-5.07974e-10,-1.98692e-09,0.000167878,-0.00135579,0.0636377,0.000152429,0.000576718,-0.000459919,0.000273968,0.000290099,-0.000253727,-0.000441494,0.000566084,0.0346077,0.000162455,0.000265047,-0.000411442,-0.000315295,-0.000892237,0.000217886,0.000144931,2.36249e-05,-0.000319467,3.49094e-05,-0.000418923,-0.000685731,0.0313876,
651.095,1211.34,0,8.4126,6,0.481485,1,2.89643e-09,4.75136e-09,0.00198369,-0.000862146,0.0599312,-0.000692566,-0.00059145,-0.000753687,5.1766e-06,-0.000297992,-0.000493852,-0.000842046,8.36055e-05,0.0356452,0.000144513,3.16968e-05,0.000576786,4.64975e-06,0.000353489,0.000935376,5.89055e-05,0.000512501,5.57021e-05,0.000463567,0.000442131,0.000343667,0.030323,
590.782,3909.3,0,8.44051,6,0.481485,1,2.416e-11,5.08922e-10,0.0020263,-0.00126946,0.0623452,-0.00103081,-0.0014145,-0.000251466,0.000729714,-0.00118489,0.00042458,-0.000385256,0.000345285,0.0342074,-0.000464369,-0.000761714,0.000507264,0.000839026,5.61737e-05,0.000407814,-9.09347e-05,-0.000364788,0.0002438,4.32608e-05,0.000306812,-3.47981e-05,0.0301425,
507.207,3681.13,0,8.39774,6,0.481485,1,-8.42331e-09,-2.11859e-09,-0.000285826,-0.000431747,0.0617625,-0.000942303,-0.000190751,0.000305778,0.000565155,0.000138215,-5.12496e-05,-0.000256575,-0.000675263,0.0347746,0.000392126,0.000119944,-0.000156683,-0.000544332,-0.00102029,-0.000375545,-0.000355622,-0.000154579,-0.000986789,-0.000915659,0.000642796,0.000338462,0.029384,
1828.02,111.041,0,7.44762,6,0.481485,1,1.23675e-09,7.93566e-10,0.000104162,0.0001454,0.0600176,0.000768292,-0.00064074,0.000373872,0.000146096,2.28437e-05,-0.000320081,-0.000603469,8.11961e-05,0.037092,-0.000641281,-0.0011716,-0.00107721,-3.34534e-05,-0.000437948,0.000379007,-0.000539478,-0.000836754,-0.000317182,0.000427354,0.000155361,-0.000156537,0.0280289,
1572.32,339.922,0,7.40917,6,0.481485,1,1.55082e-09,6.01343e-09,-0.00184873,-0.0015738,0.0563509,-0.00102268,0.000102445,2.99887e-05,0.00136822,0.000469969,-7.22054e-05,-0.000199733,0.000433921,0.0394307,-0.000626839,0.00110003,-0.000202912,-0.000279629,-0.000773305,-0.000674278,-9.72629e-05,7.09514e-05,-0.000690071,0.000381276,8.23433e-05,-0.000539566,0.0275254,
1784.64,952.651,0,7.38616,6,0.481485,1,-5.19674e-09,4.35049e-09,0.00120265,-0.00185238,0.0614926,-0.000982938,-0.00130246,-0.00124146,0.00178733,-0.000265785,-0.000165816,-0.000607047,-0.00022624,0.0388835,0.000216659,-0.000140966,-0.000148509,0.000145374,0.000790381,-0.000295898,-1.59547e-05,0.000380202,0.000179336,6.9968e-05,0.00014723,0.000834645,0.0286769,
867.96,739.971,0,8.12186,6,0.481485,1,1.77088e-09,-1.01175e-09,0.00139738,-0.000542323,0.0562673,-0.000220013,-0.000617166,-0.000894089,0.00030248,-0.000778439,-5.17393e-05,-0.000546062,-0.00040852,0.0409002,6.6211e-06,-0.000195161,-0.000538881,0.000836136,0.000669119,-0.000416748,0.000425297,-5.03752e-05,0.000241185,0.000689633,0.000845052,-0.000400795,0.0263773,
587.945,896.449,0,8.06382,6,0.481485,1,-1.7435e-09,-2.45438e-09,0.00128152,-0.000641469,0.0552213,-7.23597e-05,-0.000446602,-0.00131333,0.0011524,-0.00108978,0.000439512,0.00108182,-0.000652572,0.040698,-4.30323e-05,0.000593833,0.000534448,0.000361537,0.000373844,-0.000924745,-0.000955514,-0.000610165,0.000695726,-0.000261895,-0.000448537,-0.000218093,0.0273468,
1380.78,67.4099,0,7.25122,6,0.481485,1,1.4285e-09,-1.88704e-10,0.00386087,-0.000875647,0.0564867,-0.000380545,-0.000863175,0.000163349,0.00154246,-0.000340048,7.16685e-05,-0.000699931,-0.000571805,0.0416329,-0.000262294,-4.96535e-05,0.000881577,5.90396e-05,-0.000422759,8.36104e-06,-0.000572822,0.000581186,-0.000178879,0.000727088,0.00053153,-0.000459771,0.0267402,
894.073,180.933,0,8.02977,6,0.481485,1,-3.69032e-09,-6.17526e-09,-0.00187872,-0.000745477,0.0541986,-0.000262127,-4.09839e-05,-0.000867116,6.55973e-05,-0.000305539,0.000176504,0.000859939,-0.00140527,0.0398043,0.000512449,-0.000119361,-0.000542894,-0.000426688,-0.000420505,0.00147796,-0.000635711,0.00123394,2.23379e-05,-0.000206742,0.000358941,0.000870221,0.0268696,
1056.57,3251.94,0,7.17039,6,0.481485,1,-7.29459e-09,-2.41878e-09,0.000215741,-0.000576079,0.0569968,-0.00125755,-0.00199568,-0.00126689,0.00112096,-8.41805e-05,-0.000674787,0.00032682,-0.000740877,0.0427996,-0.000463429,0.000189516,-4.90351e-05,0.000551393,-0.000719442,-0.00100389,0.000318219,0.000173636,-0.000610742,0.000520093,-0.000410035,0.00113077,0.0248669,
991.725,2486.95,0,7.97083,6,0.481485,1,-2.98618e-09,-2.14503e-09,0.000629803,-0.000920578,0.0541795,0.000313588,-0.000718972,-0.000537594,0.000717697,-0.000803054,0.000480032,-0.000512446,0.000398076,0.0407627,-0.000552417,0.000612467,-0.000353185,0.000411229,0.000688185,0.000599388,0.000719421,-7.15785e-06,0.000967924,-4.30805e-05,0.000623543,-0.00043152,0.0267771,
854.902,2859.17,0,7.94089,6,0.481485,1,-5.11289e-09,5.12005e-10,0.000654608,-0.00207156,0.0578235,-0.000399071,0.000401569,-0.0012607,0.00101882,-0.000232149,-0.000397032,0.000814663,-0.000501585,0.0394358,0.0003891,-0.000157522,0.00011749,-0.0013954,0.000644712,-0.000491708,-0.000483221,0.00022399,-0.000260162,-0.000269023,-0.000504126,-4.16756e-05,0.0262443,
1564.31,3463.17,0,7.15356,6,0.481485,1,-7.74914e-14,-2.13347e-17,-0.00140727,-0.000669409,0.0520983,-0.00669684,4.02214e-05,-0.0123245,0.00178509,0.00484189,0.000521036,0.0108494,0.00023441,0.0548398,-0.000727971,0.00150966,-0.000497428,-0.0011181,-0.00251015,-0.000467936,-3.96553e-05,-0.000294093,-0.00172703,-0.000404837,-0.00432244,-0.000171412,0.019808,
2005.28,576.548,0,7.12727,6,0.481485,1,-3.70904e-09,1.20609e-09,-0.00380582,-0.00213316,0.0552056,5.17196e-05,-0.00102512,-0.00245851,0.00115411,0.000779358,0.000419933,3.85549e-06,-0.000858553,0.0409776,0.000317965,0.000493255,-0.000135695,0.000213155,0.000595223,-0.000138504,-0.000776711,0.00104742,-0.000950977,1.52487e-06,0.000633414,0.000701688,0.0262654,
1438.84,2844.39,0,7.0915,6,0.481485,1,-2.22345e-10,2.38122e-09,0.00243973,-0.000236387,0.0535791,4.67765e-05,0.000439299,-0.000111711,0.00171199,-0.000565032,0.00068892,-0.0006764,0.000114712,0.0413218,0.000178524,0.000480146,-0.000575678,-7.83057e-05,-7.75532e-05,0.000622241,-0.000824199,-0.000822845,-0.000806372,0.000231009,0.000292506,-0.00122726,0.0249926,
389.174,3069.14,0,7.85466,6,0.481485,1,-3.02292e-10,1.83239e-11,-0.000109634,-0.000877014,0.0535886,-0.000209714,-0.000975325,-0.000551568,0.00164951,8.40745e-05,-0.000169583,0.00147476,0.000384525,0.0422122,0.000429288,0.000420621,-0.000301575,-0.000221681,-0.000268924,-0.00018571,0.000270299,-4.74805e-05,-8.19303e-05,-2.15219e-05,-0.001156,0.000337498,0.0232401,
1745.23,34.1323,0,7.01425,6,0.481485,1,-2.76654e-09,-2.80337e-10,-0.000280553,-0.00172866,0.0552527,-0.00078005,-0.000509902,-0.000825607,0.000312519,-0.000294293,0.00114377,0.000139885,0.00145892,0.0425909,-0.000356089,-0.000148974,0.00138006,-0.000954278,0.00109067,-0.000266879,-9.31969e-05,-0.000125523,-0.000264672,0.000184274,6.21614e-05,-0.00127671,0.0254804,
931.871,1950.32,0,7.72591,6,0.481485,1,7.87257e-09,1.34848e-09,0.00216293,-0.00215244,0.0529571,-0.00127733,-0.000565233,0.000680339,0.00196109,-0.000335126,0.000673016,-0.000762445,-0.000119997,0.0423663,0.000878426,0.000963097,0.00036975,0.000235157,-0.000989002,0.000294952,-0.000218352,-0.000250206,-0.00100357,0.000147283,0.000477853,0.00128883,0.0232913,
923.141,1407.71,0,7.70867,6,0.481485,1,1.05361e-10,2.33348e-10,-0.00110445,-0.000472435,0.0523901,-0.000197104,0.000916098,-8.01078e-05,0.0013372,-0.00136712,0.000229209,0.000419765,0.000493871,0.0438314,0.000324149,-0.000599849,-0.000583377,-0.000235066,-9.29404e-05,-0.000642818,-0.000100469,0.000487217,0.000684673,0.000695215,-0.000204324,-0.000597476,0.0237784,
1761.71,3361.41,0,6.91352,6,0.481485,1,-1.10363e-16,-1.24645e-16,0.00663631,0.00099921,0.0565173,-0.000125488,-0.000175291,-0.00356115,0.0017017,-0.00208825,-0.000643943,-0.00444485,-0.000426688,0.0407807,-0.000457398,-0.00026785,0.000455058,0.000645632,0.00429228,-0.000922286,-0.00146015,0.000338354,0.000945007,-0.000645581,0.00461161,0.000746129,0.0288645,
1176.63,1213.05,0,6.84218,6,0.481485,1,-2.09058e-10,2.57714e-09,0.00287503,-0.00155258,0.0552291,-9.52734e-06,-0.000430574,-0.00105928,0.00216743,-0.000449401,-0.000588827,-0.00037497,0.00124163,0.0429315,0.000251502,-0.000382015,-0.000806497,0.000774821,-0.000847084,-0.000499562,-0.00026618,0.00040564,-0.000363516,-0.00032639,0.000862208,0.000180546,0.0248348,
1549.27,3550.08,0,6.82277,6,0.481485,1,-2.55222e-09,8.67676e-10,0.000320125,-0.00209796,0.0521242,-0.000332843,0.000453468,-0.00104106,-0.000137843,0.000418814,0.000309154,-0.00131355,0.00054202,0.043602,-8.97037e-05,-0.000301639,-0.000461851,0.000127958,0.000631701,0.00156542,0.00103154,0.000276966,-0.000846185,0.00014397,0.000192513,0.000118641,0.0248006,
1781.6,977.258,0,6.79151,6,0.481485,1,1.75043e-10,2.85365e-11,-0.00068146,-0.000182108,0.0547269,-0.00045931,-0.000351709,0.000235824,0.00179191,-0.000864702,0.000478662,0.000368445,-0.000704785,0.0453803,-0.000653729,-0.000253414,0.000429682,-0.00140101,0.000315346,-0.00037797,-0.00117345,-0.000677148,0.000562238,0.000857143,0.00014595,0.001055,0.0236313,
1096.58,3517.27,0,6.77482,6,0.481485,1,1.48399e-09,9.88217e-10,0.00221511,-0.00198288,0.0503306,-0.000361904,-0.00062233,-0.000728308,0.00141855,0.000355313,-0.000489478,0.000560062,0.000970997,0.0445902,6.61575e-05,-0.000207515,0.000435921,0.000882037,-0.000860461,0.000883966,0.000457901,3.3876e-05,-4.7235e-05,-0.000162924,-0.000316063,-0.000234305,0.0217604,
1934.9,1154.44,0,6.76043,6,0.481485,1,4.85519e-09,1.56701e-09,0.00382732,-0.00104707,0.0525922,-6.90298e-05,-0.000590149,-0.000841998,0.00106295,-0.000578709,-0.000211842,-0.000803395,0.000297088,0.0438205,0.00149222,-0.000772749,0.00119887,-0.000244598,-0.000418642,0.00123609,0.000583124,-0.00011879,0.00123303,0.000588696,0.000307511,0.000560759,0.0245797,
828.681,2795.68,0,7.44276,6,0.481485,1,4.25905e-09,6.50788e-09,-0.000352781,-0.000366374,0.0538316,-6.27622e-05,0.000157817,-0.00182669,0.00111422,-0.000205154,-0.00148112,0.00140671,-0.000378011,0.0445707,0.000430444,-0.00182562,-0.000286837,-0.00023807,0.0017257,-0.00148743,0.000531723,-0.000276955,0.000390985,-0.000339348,-0.000334585,-0.000639865,0.0244406,
389.673,2473.31,0,7.42194,6,0.481485,1,-1.36158e-10,-5.04442e-10,0.00378393,-0.00246853,0.0532835,-0.000759632,2.62843e-06,-0.00160701,0.000955163,-0.000346102,-0.000346548,-7.2274e-05,-0.00108479,0.0448788,-0.000294359,0.000325323,-0.00110721,0.00117951,0.000185797,-0.000413696,0.00119192,-0.000438182,0.00117165,1.2079e-05,0.00127487,0.00155887,0.0231663,
133.151,2711.32,0,7.32961,6,0.481485,1,-2.07679e-10,6.81633e-10,0.000175093,-0.00208963,0.0487688,-0.00183429,-0.00239271,-0.000867805,-0.00164819,-0.00109638,0.000760871,-5.91227e-05,-0.000629622,0.0460355,-0.00137997,-0.000859802,0.00146626,0.00047248,0.000795795,0.00134852,-0.000102831,-0.000307168,0.000697575,0.000772218,-0.000855532,0.000588617,0.0225491,
602.047,1280.41,0,7.26714,6,0.481485,1,-1.17645e-09,1.73609e-09,0.00135346,-0.00231513,0.049475,3.26158e-05,0.00154608,0.000201512,0.00138609,-0.000689603,0.00160945,0.000305898,0.00104144,0.0431456,0.000603304,-0.000521175,-0.000808479,-0.00149004,0.000100863,0.00109702,0.000241451,0.000323236,-6.38294e-05,0.000310072,7.90432e-05,-0.000805286,0.0233353,
122.174,3335.27,0,7.1826,6,0.481485,1,1.94097e-11,-5.82629e-11,0.00159468,-0.00234119,0.048474,0.000123865,-0.0009587,0.00089499,0.00133146,0.00101012,0.000628611,-0.00157219,-0.000951916,0.0449023,-0.00117133,0.000107351,0.00159263,-0.000450711,-0.000140352,-0.000106451,-0.00126069,0.000153754,-0.00045007,0.00163412,-0.000158565,-0.00109791,0.0234604,
1380.42,3034,0,6.45255,6,0.481485,1,4.30011e-18,2.26437e-19,-0.00466783,-0.00119724,0.0505878,0.000700763,-0.00092153,-0.00193906,0.00341737,0.000354228,0.00158148,0.00246207,-0.00163975,0.0465316,-0.000386235,-0.00144779,-7.23276e-05,0.000731863,-0.000474167,-0.00227878,-0.000795557,0.00104641,-0.00120276,-0.00188823,-0.00145883,0.000573169,0.021768,
320.205,1374.02,0,7.09594,6,0.481485,1,7.65892e-10,-1.58849e-10,-0.000803306,-0.00248943,0.0497892,-0.000743845,0.000322456,-0.00173531,0.00139905,-0.000610849,-0.00170946,-0.0017556,0.00118918,0.0479996,0.00104029,0.000876273,2.79829e-05,-0.00129467,-0.000602982,-0.000875411,-0.00040087,0.000227407,-0.00136564,0.00399448,0.000207851,-3.48168e-05,0.0215184,
1713.27,3941.3,0,6.33231,6,0.481485,1,-2.92684e-17,2.54026e-17,0.00100936,-0.000171924,0.0531803,-0.000796268,0.000396658,-0.000367644,-0.000430873,-0.000551543,-0.00155973,-0.00307607,0.000150858,0.0460419,-0.000872057,-0.000972816,0.00324344,0.00031508,-0.000853524,-0.00439957,-0.00125927,-0.000517818,6.44648e-05,-0.00167229,-0.000108094,0.000941016,0.0262005,
1200.34,2191.03,0,6.30769,6,0.481485,1,2.61363e-09,-2.93904e-10,-0.00238749,-0.00158743,0.0491601,-0.00186811,-0.00085786,-0.000266921,0.000788377,-0.00160039,-0.000356979,-0.00131072,0.000127095,0.0472646,-0.00170316,0.003261,0.000796397,-0.00168962,-0.000180224,0.00188536,0.000814211,0.000966486,0.0008498,-0.000996853,0.000901242,0.00204681,0.0215256,
1475.37,608.766,0,6.29426,6,0.481485,1,4.10482e-17,4.04117e-17,-0.00290194,0.000499427,0.0504486,-0.00269228,-0.00338057,-0.00160458,0.00159981,0.000884737,-0.000226661,0.000590588,0.00177638,0.0483181,-0.000790022,0.00198499,0.000396462,0.000681823,-0.00222518,-0.00172403,0.00085866,0.000652282,-0.000913732,0.00213005,0.000613687,-0.00114475,0.0213603,
600.872,832.027,0,6.94535,6,0.481485,1,-8.44677e-10,6.63368e-11,0.000850075,-0.000839686,0.0513692,-0.00108033,0.000221392,-0.00136494,0.00101932,0.00150968,0.000927293,-0.00143748,0.000911253,0.0466768,0.000571319,-0.00089798,0.00240213,0.000127772,0.000656258,0.000287937,-4.99523e-05,0.000741789,-0.00187636,0.00143442,0.000604621,-0.00092124,0.022112,
1606.93,3711.65,0,6.1785,6,0.481485,1,4.1122e-10,-6.20257e-10,-0.00403147,-0.000532167,0.0504301,-0.000760515,0.000667508,-0.0015937,-0.00108564,0.000962169,-0.00180312,0.00107842,-0.00147649,0.0451016,0.000267606,0.000930476,-0.000577291,0.000221278,-0.000464565,0.000880134,-0.000285401,0.0002189,0.000242318,4.60025e-05,3.35886e-05,0.000140636,0.0204053,
114.955,2298.38,0,6.8501,6,0.481485,1,8.59289e-09,3.35651e-10,0.0031185,-0.000798427,0.0459219,-0.00124225,0.00203365,-0.000240783,0.000698524,0.000413826,0.000620882,0.00296609,0.000710971,0.0474341,-0.00143751,-0.000495989,0.00147848,0.000132348,0.00147847,0.00169178,-0.00136257,-0.00137439,8.21274e-05,-0.000155452,-0.000555521,0.000238054,0.019091,
807.326,136.998,0,6.84534,6,0.481485,1,1.62005e-09,4.28305e-10,-0.00392336,-0.00155093,0.0489888,-0.00130008,0.000303111,0.00143101,0.000480648,-0.000789367,0.000680116,-0.00147972,0.000403241,0.0455716,0.00125009,0.000566787,-0.00117976,0.000251216,0.000819675,-0.000263756,0.00141246,0.000202456,0.00112495,0.000804751,0.000401788,-0.000637718,0.0197581,
829.284,1304.99,0,6.74145,6,0.481485,1,-7.59173e-18,3.14398e-17,-0.00223721,0.00229351,0.0478901,-0.00172333,0.0016093,-0.0030276,0.00058343,-0.000332908,0.00221346,-7.70672e-05,-0.00221795,0.0484482,-0.000853801,0.00250278,0.000209012,-0.000987596,0.00327899,-0.00179727,-0.00128113,0.00310393,0.00111869,-0.000785616,0.000212637,0.000858301,0.0212401,
297.116,3118.94,0,6.71775,6,0.481485,1,-1.20533e-10,1.11645e-09,-0.00251346,0.000123221,0.0462111,-0.00142207,0.000793383,-0.000861663,0.00172909,-0.000380974,-0.00178375,0.00125757,-0.000170642,0.048854,-0.000562107,0.000359134,-0.00111117,0.00136322,0.00105618,0.000301177,-0.000264111,0.000330386,0.00117566,8.14426e-05,0.000193018,5.42022e-05,0.0181461,
1791.8,608.915,0,6.01206,6,0.481485,1,-1.04717e-17,-2.4059e-17,0.00448163,-0.00286662,0.0522903,0.000538147,-0.000290782,-0.000941891,-0.00211585,0.000326616,0.000260248,-0.000569749,-0.000813671,0.048594,0.000146456,0.00202953,0.00168831,0.000479771,5.2069e-05,0.00214989,7.06092e-05,0.00117845,-0.00103873,-0.000883467,0.00046929,-0.00146248,0.0206352,
135.519,2183.25,0,6.6518,6,0.481485,1,1.22209e-09,8.01592e-11,0.00190468,-0.00167652,0.0491021,-0.000280698,-0.000372075,0.00149877,0.0012562,-0.000600656,-0.00227864,0.000742654,-0.00140558,0.0483691,-0.00167423,-0.00220704,-0.00036177,-0.000627528,0.000884987,-8.77868e-05,2.29212e-06,0.000312448,0.00158278,0.00232024,0.00201543,-6.68672e-05,0.0210942,
636.975,3944.13,0,6.62544,6,0.481485,1,-3.11559e-09,6.66403e-09,0.00203927,-0.000635405,0.0460934,0.000561558,-0.00266308,-0.00174857,0.00127784,0.0007359,-0.00163607,-0.00161617,0.00184715,0.0479609,-7.25056e-05,-0.00137115,-0.000808956,0.000246032,0.00175926,-0.00123345,-0.000693911,0.000535524,0.00230294,-0.000581905,-0.00196295,-0.000996555,0.0214201,
1021.19,3055.69,0,6.39674,6,0.481485,1,-3.00096e-10,-1.00202e-10,-0.000552285,-0.00218794,0.0472451,-0.00164357,-0.000625884,-0.000176869,-0.000722251,0.000511789,0.000749345,-0.000345308,-0.00128049,0.0490239,0.00167956,0.000555824,0.0011276,0.000998584,-3.18427e-05,-0.000522041,-0.000549171,-0.000946424,-0.00185017,-0.00104045,-0.00120542,0.00180782,0.0188917,
651.18,208.788,0,6.39659,6,0.481485,1,-7.99207e-09,7.82466e-09,0.0025401,0.000430062,0.0506405,0.00105428,0.00224316,-0.00417945,9.49661e-05,-0.00173774,-4.96047e-05,-1.65167e-05,-0.00107132,0.0496552,5.83852e-06,-0.00105427,-0.00180069,-0.000818658,0.0023588,-0.00168241,-0.00100318,-0.00207447,0.000289661,0.000159504,0.000180131,-0.00131659,0.0186864,
1024.4,3218.81,0,5.77406,6,0.481485,1,-4.75159e-09,-4.9383e-10,-0.00139813,-0.00328436,0.0492132,-0.00209493,-0.00232683,-0.00416089,0.0042787,-0.000665372,-0.000945971,0.000292951,-0.000423255,0.0477145,-0.000959449,-0.000650391,-0.00259216,0.000491749,0.00024207,-9.90548e-05,0.000365847,0.00287646,0.000585274,-0.000217152,-0.00038779,-0.00112576,0.0218492,
1271.55,3760.51,0,5.66682,6,0.481485,1,-2.24761e-17,1.15544e-17,0.00307675,-0.000366611,0.0515243,-5.30335e-05,-0.00106905,0.00261116,0.00214023,3.80203e-05,0.000575663,-0.00158712,0.00289311,0.0487971,-0.000296645,-0.00307982,-0.000337234,0.0036749,-0.00444332,-0.00138893,0.0017331,-0.000914784,-0.00129029,-0.000464248,0.00305305,0.0014398,0.0248503,
1921.55,3985.3,0,5.6755,6,0.481485,1,-9.0599e-10,3.66519e-10,0.000940657,0.00147524,0.0483744,-0.00229443,0.00198765,-0.000851525,0.00197912,-0.00131483,-0.00102153,-0.000234331,-0.000995199,0.0500967,0.000555492,-0.000979612,0.000402048,6.73335e-05,0.000560706,-0.000396821,0.00245086,0.00200415,0.000876074,0.000153052,-0.000218946,-0.00175048,0.0176175,
1247.22,2680.08,0,5.56129,6,0.481485,1,1.06912e-17,4.27185e-17,-0.00165212,-0.00302252,0.0484537,0.000599529,-2.40206e-05,-0.00535537,0.00227484,0.00432717,-0.000328781,0.00139346,0.000381101,0.0428071,-0.000301733,0.000493524,-0.000696651,-0.000110702,0.0021273,-0.000125767,-0.000152509,-0.00147852,-0.000918547,0.000977017,-0.00095836,0.000116975,0.0221135,
600.4,1260.03,0,6.12569,6,0.481485,1,5.97843e-17,2.71943e-17,-0.000280659,-0.00298529,0.0460786,-0.00322939,-0.0015758,-0.00198603,-0.000441432,0.000863648,-0.000246095,0.000315355,0.00150274,0.0485208,-0.000398485,-0.000752691,4.92205e-05,0.00084087,0.00197626,-0.00280583,-0.000319542,-0.000846347,0.000631191,-0.000819492,-0.00208423,-0.00160011,0.0200068,
1954.89,1096.15,0,5.51096,6,0.481485,1,3.1238e-09,-6.42292e-09,0.00216751,-0.00206581,0.0510018,-0.00205196,0.00100127,-0.00137599,6.1743e-05,-0.000401367,-0.00246634,0.00353949,0.0015639,0.0455182,-0.000740432,-8.19364e-05,-0.000654192,-0.000704188,-0.00184477,0.00417424,-0.000821193,-0.000590432,0.00149226,-0.000595962,-0.00120516,0.000458472,0.0199467,
652.79,1898.3,0,6.06868,6,0.481485,1,-5.35286e-10,8.73228e-10,-6.40641e-05,-0.00131931,0.046,0.00146434,-0.00183512,-0.000105182,0.00212832,0.000158217,0.000321434,-0.000322387,-2.5664e-05,0.0534978,0.00326373,0.000526485,-0.000694968,0.00158188,0.00125886,-0.000339989,-0.00197899,-0.000630555,-0.00130938,-0.000727247,-0.00138786,-0.00123958,0.0231009,
716.928,2721.3,0,6.07594,6,0.481485,1,-6.32766e-11,1.13521e-09,0.000612896,-0.00234478,0.0487111,-0.00212261,-9.52985e-05,-0.00108185,0.000154242,-0.00252089,0.00180751,0.000199154,-0.00259295,0.0473168,0.00147485,-0.000314159,0.00148284,-0.000294391,-5.97663e-05,0.00188097,-0.000706315,-0.000947694,0.00121998,8.74679e-05,-0.000327232,0.000933193,0.0208071,
512.068,3909.23,0,6.08765,6,0.481485,1,-8.3404e-09,8.23219e-10,0.0013368,-0.000594066,0.045821,-0.00249022,-0.000422755,-0.00340415,0.000339993,-0.000692201,-0.000940783,-0.00139404,-0.000311373,0.0479672,0.001125,0.000128602,0.00078931,-0.00179483,-0.00271702,-0.00174861,0.000435381,0.00148184,0.00151836,0.000392634,-0.00166164,0.000569692,0.0186041,
1024.73,3448.79,0,5.44417,6,0.481485,1,-3.42074e-09,-3.04484e-09,-0.00026555,-0.00117151,0.0484114,0.000479707,0.00112934,-0.00369726,-0.00318182,-0.000681358,0.00143271,-0.000608565,-0.00153543,0.0492028,-0.00104281,0.00161835,0.0012491,-0.00290396,-8.90343e-05,0.001131,0.000936871,0.000621941,-0.00154027,-7.33645e-05,0.000910601,-0.00194119,0.0182443,
924.343,2891.9,0,5.93334,6,0.481485,1,1.92855e-09,2.8017e-10,-0.00120701,-0.00169423,0.047241,0.00281572,0.00169373,0.000929075,9.7881e-05,-0.001686,0.000221196,-0.00084911,-0.000148435,0.0437552,-0.000106625,0.00221864,-0.000927489,0.00161702,-0.00157284,-0.00024034,0.00404973,0.00120663,-0.00117405,-0.000173802,-0.000223028,-0.000486881,0.0195461,
629.866,1668.55,0,5.79577,6,0.481485,1,-9.97471e-09,2.77422e-09,0.00185528,-0.00105541,0.047704,0.00118331,-0.00207856,-0.00367,-0.0011338,0.00254747,0.000874548,-0.00040172,0.000388631,0.0446709,-0.000994085,-0.000374381,-0.000497613,-0.00180939,-0.00100909,0.00401312,7.78673e-05,-0.000470871,-0.00132711,-0.000156538,-0.000212919,-0.000960625,0.0179577,
1794.87,381.626,0,5.12362,6,0.481485,1,-2.87919e-10,-1.45102e-10,-0.0018986,-0.00377442,0.0503917,0.000519082,-0.00303023,-0.00333375,0.00118379,-0.000344328,-0.000969935,0.00211899,-0.000684478,0.0469702,0.00180427,-0.000925671,0.00130166,0.00279484,0.0003495,0.000350574,0.000595709,-0.00172793,-0.000590979,0.00211204,-0.000290951,-0.00135313,0.0175352,
1011.92,2086.96,0,5.66715,6,0.481485,1,2.79011e-09,2.67325e-09,0.00234856,-0.00157059,0.0481472,-0.000460768,0.00237173,0.000223978,0.00453349,-0.000940036,-0.00156539,-9.22757e-05,0.000642266,0.0504504,-0.00106882,-0.00198888,-0.00196488,-0.000229774,-0.00161602,-0.0010323,-0.000334511,0.000624393,0.00234362,0.00474061,-0.00163819,-0.00313976,0.0213965,
1004.9,37.5442,0,5.66286,6,0.481485,1,-1.67122e-17,9.57472e-18,-0.00267281,-0.000308855,0.051129,-0.0026346,-0.00150604,-0.000347982,0.00197545,-0.00347822,-0.00132273,0.000550286,-0.000570964,0.0434002,-0.00217449,-0.000497565,-0.000507149,0.00168065,0.0031146,0.00352932,0.0010889,-0.000475156,0.00175708,0.00120115,0.000247818,-0.00167741,0.0207501,
1126.1,271.341,0,5.04308,6,0.481485,1,6.51006e-10,-1.86098e-09,0.00082723,0.000346139,0.0472171,0.00182738,0.00495818,-0.00347292,0.000130599,-0.00108536,-0.00210817,-0.000734394,0.0014005,0.0526048,0.000643917,-0.00109786,-0.00372689,-0.0012131,-0.000639291,-0.00134433,0.00115744,0.000537762,-0.00153041,0.000667832,0.000655128,-0.000625969,0.0154265,
1811.91,2898.41,0,4.92898,6,0.481485,1,5.82439e-18,-3.09153e-17,0.000832234,-0.00383092,0.0479773,-0.000557689,0.00178815,-0.00479427,0.00395988,0.00103976,-0.000288179,0.00114858,0.00179046,0.0459982,-0.000422338,0.000951733,0.00112532,0.00185787,0.00323181,-0.000136143,-0.000510754,0.00171524,0.00145917,0.00069106,-0.00217764,-0.0030098,0.0187186,
581.309,3672.26,0,5.47402,6,0.481485,1,-1.23532e-09,2.69685e-10,0.00245194,-0.00104635,0.0464768,-0.00185549,-0.00121795,-0.00243963,-0.00126295,-0.00250251,-0.0010781,-0.000903252,-0.00095902,0.0475073,-0.000447818,0.000362554,0.000351695,0.000224332,9.28551e-05,0.00209518,-0.00165288,0.002801,-0.00123695,-0.000905094,-0.00049043,-0.00224931,0.0181633,
1419.7,1344.56,0,4.90784,6,0.481485,1,-9.3642e-10,-7.43332e-10,-0.00127014,0.00149825,0.0507706,0.0025648,0.00245227,-0.00352435,0.000349214,-0.000848144,-0.000986031,0.0079599,0.000762835,0.0510548,0.000349123,-0.000860093,-0.000952617,0.00216443,-8.12831e-05,-0.00140662,-0.000679852,-0.00147616,-0.00132034,0.00123865,-0.000694488,-0.00117068,0.0158894,
865.557,1612.93,0,5.4235,6,0.481485,1,-4.87596e-09,-4.56225e-09,0.000779147,-0.00226056,0.0465357,0.000117506,0.00208059,-0.00614796,0.00202867,-0.00425025,3.00888e-05,-0.00281676,-0.000864379,0.045765,0.00309333,0.000175073,-0.000927975,-5.24401e-05,0.000861789,0.00403657,-0.000496232,-0.000580867,0.00455877,0.00162633,0.000225485,0.0018798,0.0221843,
38.13,764.418,0,5.37856,6,0.481485,1,-2.27734e-09,7.08259e-09,-0.000659787,0.000887606,0.0477372,0.0008577,0.00143832,0.00106628,0.00240117,-0.00158068,0.00148492,0.000876134,0.00574543,0.0544318,-0.00365685,-0.00318049,-0.000832659,-0.00134908,0.00301343,-0.00256375,0.000859062,0.000848833,0.00347674,0.00123668,-0.00237163,-0.00424122,0.0254709,
1612.39,1629.84,0,4.75246,6,0.481485,1,2.7898e-10,1.37557e-09,-1.11887e-05,-0.00145569,0.0476585,-0.000953416,-0.0027141,-0.0037179,0.000708289,-0.00103851,-0.00259469,-0.00280991,-0.00141855,0.0460897,0.000898982,-0.0015541,0.000839721,0.00351127,0.00108791,-0.00171877,-0.000512808,0.0019093,-0.0005352,0.00463103,0.00470755,0.0028256,0.0242803,
622.861,1877.2,0,5.21087,6,0.481485,1,-2.27013e-11,1.24684e-10,0.00247912,-0.000652672,0.0502632,0.00168391,-0.0037646,0.000512545,0.00170792,0.00322439,-0.000591928,0.00255456,-0.000838127,0.0456021,-0.000797387,0.000373704,-0.000461718,0.00396075,0.000235213,0.000609731,0.00348729,-0.000814068,0.00217534,-0.00640942,0.00052014,-3.41759e-05,0.0190062,
496.921,2533.43,0,5.12082,6,0.481485,1,2.54802e-09,3.64609e-10,0.00365899,-0.00738812,0.0429372,0.00296675,0.000120176,0.000230456,0.00197415,-0.00132161,-0.00270991,-0.00303783,-0.00193119,0.053025,0.00091454,0.00260064,-0.00392421,0.00038785,-0.00151588,-0.00235873,-0.000250871,0.00113687,0.000335062,0.000940263,0.00586124,0.00491859,0.0153482,
816.783,1635.32,0,5.07451,6,0.481485,1,-6.25391e-17,4.88986e-17,0.000460593,0.00240986,0.0465677,-0.00470408,0.00139679,-0.00373027,0.00714556,-0.00349671,-0.0020837,-0.000964569,-0.00165525,0.0487781,0.00509513,0.00289801,0.00248707,-0.00237998,0.00346539,-0.000808938,-0.000705725,0.00354737,-0.00286644,0.000460784,-0.00283722,0.00161494,0.0182035,
233.995,2596.23,0,5.05026,6,0.481485,1,-2.77208e-10,-5.00495e-10,-0.00417323,-0.00319142,0.0420809,0.000412115,0.0041525,-0.00564468,-0.00110552,0.00172369,0.00276555,0.00227556,-0.00301,0.0538647,-0.00173471,-0.00241469,0.00521374,0.00199584,0.000121112,0.00104829,-0.00122185,-0.000784097,-0.00102644,-0.00727126,-0.0029524,0.00148445,0.0103896,
1232.61,2604.04,0,3.91075,6,0.481485,1,-2.24955e-17,-6.22385e-18,0.00290495,0.000307815,0.0488315,0.0047492,-0.00353995,-0.00681954,0.00123133,0.0017557,0.000817433,0.00134985,-0.000459048,0.0439244,0.00247672,0.00306572,-0.00429087,0.00190512,-0.00508338,-0.00330713,-0.00292171,-0.000823232,0.00257764,0.00300741,-0.000910866,-0.00386082,0.0195194,
750.413,28.0789,0,4.34771,6,0.481485,1,-6.3874e-09,9.0534e-09,0.000399703,-0.000316156,0.0459291,0.00559981,0.000161471,-0.002872,0.00114661,-0.000862986,0.00200901,-0.00252894,0.00126364,0.0460528,0.0026234,-0.00256517,0.000100697,0.00477056,-0.00272225,0.00405435,0.00459256,-0.00190564,0.00167422,-0.00174829,0.00609299,-0.000864022,0.0149932,
72.9147,1634.66,0,4.14588,6,0.481485,1,-5.68352e-17,1.77335e-18,0.000535365,-0.00699779,0.0471873,0.00256714,0.0022246,-0.00367369,0.0017835,-0.00251949,-0.00127325,-0.00130529,0.00740751,0.0544369,-0.00196161,-0.000525468,0.000713976,-0.000429428,0.00657758,-0.0031652,-0.00359818,0.00117007,0.0010632,0.00112989,-0.00180888,0.000949592,0.00462369,
1893,962.093,0,3.66477,6,0.481485,1,3.66885e-09,-1.22921e-09,-0.0028296,-0.00374105,0.0472785,0.000922034,-0.00296707,0.00710833,0.000460739,0.00601675,0.00109979,0.00566254,0.00243628,0.0566915,0.00052245,-0.00470474,-0.00105813,-0.00148227,-0.00176706,0.000826438,-0.00377731,-0.00499751,0.000764773,-0.0034574,0.00208285,-0.000635046,0.0165413,
28.7016,842.823,0,2.78532,6,0.481485,1,-1.00961e-10,-1.0037e-10,0.00178985,-0.00204621,0.0491423,0.00166526,-0.000297069,-0.00548365,-0.00775268,-0.000432126,0.00324839,0.00345416,-0.0063463,0.0534885,-0.000365284,-0.00693675,0.0113625,0.00576934,0.000859414,-0.000284348,-0.00884935,-0.00638216,-0.00481396,0.0126154,-0.00575354,0.00432118,0.0191822,
92.8712,2447.08,0,8.53716,6,0.481485,1,5.49246e-11,-2.26833e-10,-0.000752626,-0.00141273,0.0656509,-0.000691334,-0.000187466,-0.00139575,0.00116794,0.000198638,-8.37671e-05,0.000746302,0.00126283,0.0328026,-7.87512e-05,6.76523e-05,-0.000332037,-3.20978e-05,6.07771e-05,-7.76809e-05,0.000171175,0.000107686,-0.000178284,-0.000175033,9.54908e-05,-0.00121156,0.0322416,
1277.73,1418.57,0,7.62219,6,0.481485,1,5.71836e-11,-2.44004e-10,-0.000114043,-0.00143804,0.0664693,-0.000387205,-0.000535449,-0.000598858,0.00072249,-0.000623127,0.000257975,0.000532193,0.000476979,0.0346824,0.000103645,-6.69979e-05,4.9793e-05,0.000383546,6.84845e-05,-1.57433e-05,-0.00024573,-0.000417453,0.000507022,-0.000426165,-0.000602946,-0.000211428,0.030597,
112.863,1347.92,0,8.37322,6,0.481485,1,-2.09132e-09,-2.63301e-10,0.00165696,-0.00146194,0.0643957,-0.00176362,-5.5503e-05,-0.00144114,0.000921897,-0.00031267,0.000500485,-0.000363417,-0.000536948,0.0356536,-6.92303e-05,8.3879e-05,0.000750604,-0.000118392,0.000673927,-9.99703e-05,0.000136017,0.000512171,0.000493411,-0.000680408,0.00010251,-7.56586e-05,0.030005,
293.688,807.983,0,8.23898,6,0.481485,1,2.68099e-09,2.1608e-10,0.000270851,-0.00114927,0.062166,-0.00144005,-0.00139426,-0.00178544,0.00215715,-0.000539867,0.00058656,0.000856507,0.000770098,0.0380261,2.14816e-05,0.000191953,0.00025058,0.000582331,0.000123958,-0.000808027,0.000340775,-3.79085e-05,-0.000422697,-0.000133978,0.000526827,-2.91441e-05,0.0289258,
95.1695,2191.11,0,8.015,6,0.481485,1,5.27375e-09,-7.24466e-10,-0.000276344,-0.00261892,0.0569932,2.01034e-05,-0.00106405,-0.00135603,-0.000120586,9.01571e-05,-0.00117356,-0.000225063,0.000274361,0.0398794,0.000846343,0.000171528,-0.000323545,0.000709527,0.000875255,-0.000147945,0.00105752,-0.000164642,-7.14288e-05,0.000122756,0.000676772,8.18417e-05,0.0261987,
1547.54,930.724,0,7.01689,6,0.481485,1,1.22296e-09,-6.14982e-09,-0.00017222,-0.00151768,0.0575814,-0.0017385,-0.000545848,-0.00134074,-0.000489771,0.00015914,0.000585003,-0.000276491,0.000877749,0.0434614,0.000412005,0.000326408,0.000334213,-2.3269e-05,-0.00043739,0.00105482,0.000286411,-0.000313606,0.000486321,-0.000160965,0.000477813,-0.00013845,0.0241906,
48.702,1047.18,0,7.76388,6,0.481485,1,3.37579e-17,-1.8131e-17,-0.000321858,-0.000680995,0.0562461,-0.00045467,0.000664442,-0.0011772,0.00204167,-0.000252844,1.24307e-05,0.000667259,-0.000247555,0.0404618,-0.00062605,-0.000912798,-0.000646066,0.000886146,0.000598377,-0.00128871,0.00182207,0.000919782,-0.00043969,-0.00112655,-0.00125813,-0.000445869,0.0251743,
524.185,3326.1,0,7.49257,6,0.481485,1,-5.04002e-10,-6.87783e-10,0.000708288,-0.00164275,0.054601,0.000111483,-0.00102926,-0.00116922,-0.000532581,-0.000446383,-9.33419e-05,0.00119603,0.000781328,0.0410536,-0.000649172,-0.000770233,0.000228851,0.00170744,-0.000557885,-0.000299825,0.000440982,0.00100176,0.000968354,2.7887e-05,0.000282225,-0.000163268,0.024455,
606.64,2860.09,0,7.38941,6,0.481485,1,-4.23325e-10,2.971e-10,0.00122087,-0.00097647,0.0554957,-9.54741e-05,0.00103283,-0.000924629,0.00269136,0.00159088,0.000372494,0.000481504,5.80667e-05,0.0424079,-0.00128313,0.000128158,8.61069e-05,0.000456397,-0.000254917,0.000450647,6.73231e-06,0.0014623,-0.00232186,-4.54571e-05,-8.31766e-05,-0.00151433,0.0236692,
1381.25,3749.75,0,6.63902,6,0.481485,1,2.61187e-09,3.44033e-09,-0.00415149,-0.000689453,0.0568022,-0.00213868,0.000987064,-0.00039636,0.0018696,-0.000499409,-0.00104408,-5.80959e-05,-0.000364358,0.0446484,0.000713772,0.00117561,-0.000493034,0.00168156,-0.000291668,-0.000890585,-0.00135067,0.000412909,7.45251e-05,0.000340413,-0.000190796,-0.00044644,0.0234581,
1751.87,1060.88,0,6.58362,6,0.481485,1,9.96005e-09,-6.99572e-09,-0.000122586,-0.0015686,0.0561714,-0.0020794,-0.000891071,0.00131849,0.00076389,0.00150067,-0.00110778,-0.000857462,0.00109001,0.0435699,0.000573812,0.000814041,0.000719857,0.00068282,-0.00220557,0.000846081,0.00131121,0.000930272,0.000640139,0.000168853,-0.00111117,-0.000423873,0.0241588,
1014.85,1434.01,0,7.18954,6,0.481485,1,1.67266e-10,-2.40181e-11,0.000627177,-0.00145365,0.0547982,0.00088402,0.00098762,-0.00239457,0.00277362,0.000416223,0.000281391,-0.000526194,0.00132477,0.0481444,0.00103638,-0.000743499,-0.000631008,-0.000586218,0.000167833,0.000259559,-0.00166579,-0.00134431,-0.000609397,0.00063696,0.000253436,-0.000817533,0.0230715,
2003.79,3590.19,0,6.44706,6,0.481485,1,6.58247e-17,1.4464e-17,0.000273256,-0.000177686,0.055593,0.000291808,0.00173378,0.000329088,-0.00113236,-0.00202566,0.00026332,0.000675088,0.00168135,0.0465128,-0.000714167,0.00112192,0.00126797,0.0015076,0.00329962,0.00419788,0.000741464,-0.000425544,0.00175715,0.00174233,0.000592657,0.00158963,0.0246149,
320.168,73.8704,0,7.06046,6,0.481485,1,5.34323e-09,-5.08177e-09,-0.00197973,-0.00132734,0.0534297,9.14414e-05,-0.00143329,-2.08999e-05,0.00129628,-0.000372455,-0.000211545,0.000295977,0.00137556,0.0438111,0.000866277,-0.00099348,0.000992253,0.00147816,0.00171012,-0.00110497,0.000189049,-0.000465868,-0.00114679,0.000422002,-0.00104721,0.000140867,0.0235514,
999.508,686.979,0,7.04852,6,0.481485,1,4.29498e-09,7.69208e-09,0.00147855,-0.00118416,0.0566807,0.000180348,0.0014276,-0.00306352,0.00113199,-0.000704934,-0.000303679,-0.00165974,8.63642e-05,0.0476459,0.000441163,-0.000685264,0.00143115,0.000319913,-0.00157117,-0.00151705,-0.00102862,-0.000629027,0.000673758,0.000734786,0.00043726,0.000387262,0.0266371,
1875.63,2646.26,0,6.33897,6,0.481485,1,4.38765e-15,1.07136e-15,0.00816079,-0.00260027,0.0600455,-0.00196408,0.00041233,7.94028e-05,0.00381167,-0.00277112,0.000330439,-0.00575019,-0.000795834,0.0394263,-0.000867297,-0.00154904,-0.00136619,0.000659779,-0.00432374,-0.00037921,-9.35299e-05,-0.00111131,0.00235633,0.000900809,0.00363411,-0.000675685,0.0237521,
1655.95,3447.52,0,6.23451,6,0.481485,1,-4.58705e-09,-2.39322e-09,-0.000628136,-0.00403809,0.0544196,-0.000346493,-0.00126943,0.000106077,0.000396057,0.000672511,0.000922916,-0.000415983,0.00170115,0.0448963,-0.000116421,0.00103985,0.00101674,0.000160892,0.00126232,-0.00111345,-0.000460268,-0.000515318,-0.00101664,0.000216225,0.00223117,0.0004777,0.0245482,
891.971,3516.09,0,6.87938,6,0.481485,1,-5.81847e-09,-3.91018e-09,-0.000753915,-0.0012772,0.0529472,0.000368041,0.000347564,-0.00340964,0.000747341,0.000279685,0.00154551,0.00116494,0.000294589,0.0464824,0.000352368,-0.00150254,-0.00032941,0.000885153,0.00171236,0.00136929,0.000635917,-0.000149892,-0.00124791,0.0005131,-0.000661364,-0.000732468,0.0219644,
771.397,886.54,0,6.79939,6,0.481485,1,6.56967e-09,2.63977e-09,-0.00103406,-0.00518951,0.0520488,0.000385872,6.56995e-05,0.00115407,0.00186193,-0.000859839,-0.00138485,-0.00305521,0.00350523,0.0454667,-0.00146687,0.00154277,-0.00129153,0.000284875,-0.000157238,-0.00230842,0.000790416,0.000245542,-0.000594671,0.000236097,0.00035541,-0.000226088,0.0216831,
256.04,2724.24,0,8.09723,6,0.481485,1,-9.93226e-18,2.16247e-17,0.00677499,-0.00195915,0.0597121,-0.00673812,-0.000226582,-0.0155547,0.00107676,-0.000698407,0.000103838,-4.24976e-05,-0.0017119,0.0478794,0.00126916,0.000887715,0.00373906,-0.000142122,0.00760619,-0.00252806,0.000565273,0.000516138,-0.00173321,7.7294e-05,-0.000644548,0.00117374,0.0206349,
992.073,3488.75,0,6.68448,6,0.481485,1,-1.06818e-09,2.43924e-09,0.000965634,0.00132669,0.0525687,-0.000489397,-0.00178948,-0.00120375,0.0022449,-0.00106955,-0.00187,-0.00117633,-0.00051092,0.0444663,-0.00281952,0.000392228,0.00166118,1.36867e-06,0.000210125,-0.00140171,-0.00111683,-0.00115839,5.38864e-05,-0.00270988,0.000352808,-0.000851925,0.0227142,
1045.55,167.072,0,5.96899,6,0.481485,1,-1.6224e-09,7.90498e-10,0.00373765,-0.000837608,0.055275,-0.000506934,0.00102226,-0.00097884,0.000523794,-0.00100801,-0.000449892,-0.000995547,0.00188096,0.0444471,0.000444195,0.00163682,-0.000122746,-0.00228722,-0.00116043,0.00154105,0.00102511,0.000930008,0.00188091,-0.000882165,0.00189131,-0.000677389,0.0186134,
945.567,1757.56,0,6.4539,6,0.481485,1,-3.38462e-10,-8.82393e-12,0.00223824,-0.00152151,0.0538942,0.00172499,-0.000786766,-0.00190937,-0.000783714,-0.00083398,-0.000608702,0.000557775,0.00200245,0.0510769,-0.000711283,-0.00162093,0.00017838,-0.000579933,-0.00018874,-0.00051153,0.000564231,-0.000621589,0.00287016,0.00315629,-0.00177277,-0.000972365,0.0181856,
620.833,2696.12,0,6.4035,6,0.481485,1,-4.69972e-18,-2.49348e-17,2.3289e-05,0.000379237,0.0542609,-0.00152784,0.000158167,-0.00370647,0.000153671,-0.00364826,-0.00117298,-1.49479e-05,-0.00131027,0.0448229,0.00171936,0.00227449,0.00139949,0.00113732,0.00324928,-0.000512243,0.00178349,0.000423614,-0.000720518,2.5146e-05,-0.000966302,0.000182413,0.0268004,
1870.62,3920.63,0,5.6671,6,0.481485,1,1.84175e-13,1.39933e-14,0.00849709,-0.000793711,0.0653953,-0.00206654,0.000989986,-0.00494107,-0.00141165,-0.000176567,0.00190136,-0.00738206,0.00344331,0.0372741,-0.000879683,-0.000747787,0.00417501,-0.00281722,0.00751004,0.0035749,-0.000444137,-0.00221661,0.00279989,0.00392801,-0.000354989,-0.00338438,0.0243427,
599.748,3771.65,0,5.96796,6,0.481485,1,-9.82691e-09,5.351e-09,-0.003218,-0.00225213,0.0549651,0.000938518,0.000897844,-0.00138133,-0.000174098,-0.000602819,-0.000436253,0.00159687,0.00161756,0.0447369,0.00169376,-0.0022983,-9.35358e-05,0.00052712,0.00254525,-0.00133522,-0.000159028,0.000993974,0.00176727,-0.00264099,0.00237041,0.00123222,0.0180639,
354.921,2730.34,0,5.94964,6,0.481485,1,4.60576e-10,2.02847e-09,0.00201614,0.00125624,0.049867,0.000342955,-0.00074652,0.00078286,0.00200979,-0.000349196,0.00101669,0.000480656,0.00227448,0.0475578,-0.000190743,0.000444877,0.000378311,-0.00161444,0.00145123,-0.00122687,-2.79239e-05,0.000781348,-0.000363007,-0.000431642,-0.000354774,0.00101654,0.0179586,
1456.73,1475.31,0,5.32415,6,0.481485,1,1.04459e-14,9.95734e-18,0.0138125,-0.000779648,0.0613761,0.00461615,-0.0022713,0.0120461,0.00272517,0.00255988,0.00037189,0.00517597,-8.98696e-05,0.0478488,-0.000813528,-0.000194011,-0.00153037,-0.0001398,-0.00873553,0.00215641,0.000241682,0.000133574,-0.00557904,0.000543317,-0.00614137,0.000976646,0.0141407,
1948.08,614.757,0,5.26197,6,0.481485,1,-1.98538e-09,-2.86251e-09,0.00181527,9.99884e-05,0.0532461,-0.000896359,0.00339924,-9.55201e-05,0.000429341,0.0021974,0.00296453,-0.00266804,-0.00234172,0.0469416,0.0030357,0.00372612,-0.00171665,0.00142422,-0.000670284,0.00187615,-0.00197954,0.00204654,-0.000542761,-0.00182989,0.002862,-0.000187271,0.0195024,
169.08,3042.93,0,5.81954,6,0.481485,1,2.34816e-17,2.82625e-17,-0.000341317,-0.00140306,0.0488821,-0.00343557,-0.000656968,-0.000224893,0.00403505,1.97493e-05,-0.000138316,-0.00151021,0.000498311,0.0491188,-0.00356956,0.000102127,0.00360071,0.000687275,-9.07695e-05,-0.00449257,-0.00124154,0.000708017,-0.000684355,0.0019324,-0.00159574,0.00223616,0.0207755,
730.821,1172.23,0,5.82069,6,0.481485,1,-1.38071e-10,1.0251e-10,0.00403243,-0.00229,0.0536222,-0.00161084,0.000740094,-0.00152178,0.00287953,0.000122785,0.000618215,0.00133914,-0.00232655,0.0426638,0.000550046,2.67294e-05,-0.000777253,-0.000890808,-0.000409102,0.000715849,0.000642032,4.45774e-05,-0.00018085,0.000883246,-0.00245567,-0.00156409,0.0224607,
1134.25,2993.56,0,5.19518,6,0.481485,1,-1.97314e-10,6.80709e-10,-0.00460629,-0.000102632,0.0502886,0.000460096,-0.000273784,0.000239148,0.00251465,0.000455211,0.002593,0.00172795,0.00292335,0.051015,-0.00122066,-0.00307243,0.0021769,0.00132776,0.000697071,-0.00126724,-0.00148139,-0.00168299,-0.000577725,0.000108662,0.00322286,-0.00185103,0.0193748,
1350.27,3050.53,0,5.04244,6,0.481485,1,1.79446e-12,7.44862e-12,-0.00313541,0.00237718,0.054432,-0.00167892,-0.00593237,-0.0019291,0.00205089,0.00106856,-0.000444608,0.00355988,-0.000374411,0.0562811,-0.00140354,0.000348987,-0.00168861,-0.000227665,-0.000140261,0.000201435,0.00147301,-0.000622319,9.62598e-05,0.00479642,0.000247731,-0.000526075,0.0211139,
119.115,3663.17,0,5.54864,6,0.481485,1,-2.59076e-09,1.00691e-09,-0.00472873,-0.00239698,0.0523266,0.00176799,0.00105621,-0.00471845,0.00140192,-0.000652552,-0.000420071,0.00250861,0.00478495,0.0461764,-0.00100035,0.00138625,-0.00155681,-0.000488313,0.0028097,0.00127927,-0.00111599,-0.00140764,0.0043395,0.000925453,-0.00244226,0.00173623,0.0207617,
1165.29,2450.16,0,4.91441,6,0.481485,1,4.04574e-09,-7.55436e-10,0.000743843,0.000431272,0.0542608,0.00312589,-0.000845666,0.000244388,0.00266713,-9.77551e-05,0.000932456,-0.00236375,-0.00041629,0.0483689,0.00121903,-0.000921174,0.00122506,0.000898024,0.00377223,0.00140567,0.00401606,0.00252508,0.00288208,-0.00439675,0.000563865,2.42915e-05,0.0192925,
386.802,3242.67,0,5.45212,6,0.481485,1,-3.78472e-09,-8.32186e-09,0.00329739,-0.000850366,0.0508187,-0.00148892,0.00374203,-0.00184236,-9.93938e-05,0.00221029,-0.00131443,-7.88041e-05,0.00409902,0.0506852,0.00139697,-0.00183099,0.000470537,-0.000809712,-0.000678849,0.00417593,-0.00385501,-0.000578278,-0.00301726,-0.000144706,-0.00245559,-0.00068858,0.0171401,
432.765,3096.41,0,5.28279,6,0.481485,1,2.12817e-09,-3.63942e-10,9.41044e-05,-0.00513,0.0534521,-0.00356327,-0.00292347,0.00454557,0.00466438,0.00146506,0.00204756,0.00176106,0.00340558,0.0469061,-0.000805294,-0.0053126,-0.000411538,-0.00041824,0.00221761,-5.19302e-05,0.00175412,0.00248071,0.00131806,-0.00164687,-0.00142066,0.000577787,0.0228535,
623.732,377.778,0,5.24449,6,0.481485,1,7.31633e-10,1.20287e-09,0.00155362,-0.00296516,0.0482913,-0.00093749,-0.00187376,0.00225558,0.00219477,-0.00246151,0.00353146,0.000776885,0.00197069,0.0506857,-0.000139194,0.00282956,-0.00403499,8.90902e-05,-0.000330688,0.00161041,-0.0015137,0.00126457,-0.000536363,0.000953872,0.000823207,0.00257862,0.0195236,
1008.16,214.688,0,5.24579,6,0.481485,1,1.10253e-09,3.85276e-10,-0.00179586,0.00102123,0.0542336,0.00229143,0.00576205,0.00269885,0.00324154,0.00206392,-0.0035583,-0.00271737,-0.000693483,0.0473221,0.000398344,-0.000167871,0.0029433,-0.00235084,-0.000750795,-0.000621822,-0.00210288,-0.000756779,-0.00107764,-0.00142477,-0.00120256,0.000917997,0.0186458,
155.211,3284.26,0,5.2482,6,0.481485,1,-2.69648e-09,7.23315e-09,-0.000658849,-0.00544969,0.0519157,-0.000629199,-0.00195728,-0.00596881,0.00277102,0.000572366,0.00106786,-0.000447181,0.00498932,0.0388511,0.00303561,-0.00113169,9.70813e-05,0.000175444,0.00048151,-0.00268239,0.00261194,0.00264717,-0.000102269,0.00152407,-0.00089714,-0.00259939,0.022069,
311.03,1721.64,0,5.16707,6,0.481485,1,-5.49854e-11,1.99181e-10,-0.00473847,-0.00324132,0.0509827,0.002759,-0.00180894,-0.00155918,0.00732286,0.00158305,0.00321437,0.00478418,0.00539732,0.0500155,-0.00247331,-8.92585e-05,0.00245171,0.00168296,-7.19959e-05,-0.000212624,0.00267368,0.000444235,-0.00316456,4.46795e-05,-0.00557595,0.000978606,0.0156228,
1019.98,3016.86,0,4.60621,6,0.481485,1,2.61504e-17,-2.4967e-17,0.000948201,-0.00344583,0.0500938,0.00147691,-0.000639387,-0.00349398,-0.0018379,0.00226714,-0.00100547,-0.00363179,-4.10299e-05,0.0520909,-0.0018601,0.00134014,-0.00264492,-0.00350991,0.0068151,-0.00188174,0.000832626,-0.0025872,0.00297261,-0.000388571,0.00110891,-0.00300455,0.0125489,
1924.83,2763.9,0,3.23806,6,0.481485,1,-1.24288e-18,2.53911e-17,-0.00381591,-0.000602809,0.0507008,0.00712873,0.00108187,-0.00357513,0.00246006,0.00763399,0.0041331,0.0110481,0.00372125,0.0528326,0.000109507,0.00503346,-0.0105687,-0.000899711,-0.00111317,0.0092954,-0.000509204,0.000439571,-0.0019801,0.000174963,-0.00708114,-0.00202154,0.0139588,
700.209,2055.84,0,3.12486,6,0.481485,1,2.35468e-09,-6.95544e-11,0.00170145,0.00579424,0.0495612,0.00299115,0.00274807,0.00660611,-0.00615435,0.00805002,0.00909251,-0.00897496,0.00363583,0.0499925,-0.0033358,-0.00786469,0.0013855,-0.00799108,-0.00251661,0.000228471,-0.00183288,0.00557743,8.26622e-05,0.00283461,0.000560028,-0.00274973,0.00733724,
1016.86,2380.37,0,3.09792,6,0.481485,1,1.32433e-11,-1.56569e-09,0.0053185,0.00115265,0.0535407,-0.00146056,0.00853761,0.00272581,0.00108233,0.00389356,-0.00598248,-0.00398791,0.00656925,0.0406142,-0.000807865,-0.00264693,-0.000908095,0.00498099,-0.000681389,0.00350419,-0.00500985,0.00189339,0.00161057,0.00761576,0.000402398,-0.00820976,0.00597318,
1463.97,3909.64,0,2.76034,6,0.481485,1,-1.14105e-15,-3.64221e-16,0.00268956,0.0141024,0.0506164,-0.0102176,-0.00779353,-0.0118556,0.00872918,0.000421794,-0.0125088,0.0014204,0.000811719,0.0684006,-0.00423661,-0.00191194,-0.000157784,0.00937495,-0.0122408,-0.00130039,-0.00612366,-0.00664767,-0.00520342,0.00738602,0.00255492,0.00644097,0.0181262,
825.323,2518.13,0,2.89518,6,0.481485,1,-1.49916e-09,2.54512e-09,0.00936058,0.000516481,0.0532541,-0.000408672,-0.00526874,0.00329069,0.00227179,-0.000798516,-0.00297813,-0.01455,-0.00721071,0.0386475,-0.00845907,0.000779487,0.00256887,0.00626923,-0.00475278,-0.00563533,0.00624998,-0.00550802,0.00380432,0.00172485,0.00204883,0.00307873,-0.00229938,
56.4158,2050.5,0,2.81488,6,0.481485,1,2.03134e-09,-6.64313e-10,0.0179036,0.00164892,0.0480107,-0.00114091,-0.0122944,0.0124382,-0.00935156,-0.000511051,-0.0035089,0.00357079,0.00607843,0.0485938,0.000933746,-0.00540011,0.00750384,0.00936062,0.000881237,-0.00471611,-0.00407221,-0.0109491,-0.00568927,-0.00722963,-0.00103223,0.0013484,0.0131554,
1262.82,1843.32,0,6.73247,6,0.481485,1,1.95569e-17,2.39461e-17,0.0104903,-0.000546163,0.0675372,0.00646898,-0.000411672,0.00887218,0.00155791,-1.02125e-06,0.000830403,0.00167221,-0.00168423,0.0411319,-0.00250138,-0.000147437,-0.00418298,-0.00156315,-0.00691016,-4.13347e-05,-0.00139044,0.00058146,-0.00179804,0.00113916,-0.00496732,0.00117854,0.0207464,
371.608,2213.61,0,7.26948,6,0.481485,1,-9.45615e-11,2.01514e-10,-0.000461265,-0.000579705,0.0592767,-4.14584e-05,-0.00123873,-0.000438311,0.0020791,-0.00117029,0.000487999,0.00135297,-0.000248719,0.0429635,-0.000397961,-0.00135881,0.000386779,0.00130289,0.000282747,0.000314427,0.000928474,0.00165369,0.00100854,0.000714922,-1.13807e-05,0.00110676,0.0245493,
22.0562,2014.15,0,7.13036,6,0.481485,1,-6.52874e-11,5.98645e-12,0.00167006,-0.00555544,0.0570105,-0.00139517,3.54436e-06,0.00172323,-0.000763529,0.00505384,-0.00165856,0.00788738,0.00121982,0.051753,-0.00898348,-0.000404894,-0.0163945,-0.000221523,-0.0250435,0.00119286,0.00549656,0.00164198,0.00892892,0.00074463,0.0183284,-0.00254165,0.046924,
272.404,1888.23,0,7.20959,6,0.481485,1,-4.71556e-15,-4.9265e-16,0.00741469,-0.00108479,0.0638083,0.00257412,-0.000598336,3.0422e-05,0.00172269,-0.00372285,0.000159061,-0.00522186,0.00233152,0.0345887,-0.00247441,-0.00184598,-0.00204027,5.40788e-05,-0.00544342,0.000745078,0.000193124,0.000687904,0.00189578,-0.000688613,0.00237273,-0.00116279,0.0235346,
1217.07,1342.84,0,5.49907,6,0.481485,1,2.1143e-16,-6.60924e-17,0.00264394,-0.000569146,0.0516796,0.0049127,-0.0016404,0.00345397,-0.00167785,0.00531879,-0.00227602,0.0125612,0.000462155,0.0625316,0.00844528,0.00113141,0.0153355,-0.00110283,0.0220991,-0.00111837,0.00409759,-0.00194548,0.00781741,-0.000290443,0.0101025,-0.000320143,0.0366136,
391.615,2216.64,0,6.06992,6,0.481485,1,-5.29389e-17,-1.22284e-17,0.00260589,-0.00276151,0.0546375,-0.00232096,-0.000436713,-0.000453961,-0.00046493,0.00141657,-0.00227114,-0.00095428,-0.00105738,0.0505243,-0.00396119,0.00118649,0.00444861,-0.000728571,-0.00439725,0.00134543,0.00190897,-0.00436871,0.000166366,0.00281233,0.00103471,-0.00233221,0.0153841,
200.025,3117.57,0,5.98541,6,0.481485,1,2.50831e-09,3.90319e-09,-0.00178691,0.00107361,0.0592676,-0.00301791,0.000323023,-0.00230868,0.00124879,-0.00205478,-0.00154818,-0.00136507,0.00106761,0.0476295,0.000501943,-0.000216726,-0.000818527,-0.00334383,-0.00223363,-0.00265197,-0.0024891,0.00135662,-0.00138631,0.00211797,0.00157711,0.00429833,0.0223672,
1226.03,2415.83,0,4.77127,6,0.481485,1,-1.49633e-16,2.43347e-17,0.00314433,-0.00318539,0.054578,-0.00422045,-0.00199373,-0.000477565,0.00336903,0.0028091,-0.00494428,0.00700921,0.00435657,0.0566365,-0.00788656,-0.000361304,-0.0125855,0.00356853,-0.024331,-0.00148477,0.00296675,-0.0013097,0.0085034,-0.000284438,0.0200903,-0.00334457,0.0411868,
1160.01,449.518,0,4.64412,6,0.481485,1,9.67976e-10,7.79671e-10,-0.00283819,0.00402757,0.0566247,-0.00197849,0.00222942,0.00275089,0.00411826,-0.00373128,0.00315474,-0.00378171,-0.0016494,0.0550456,0.000425444,0.00447514,0.00125381,0.00150626,8.74428e-05,0.00157758,0.000889025,-9.66359e-05,0.00266406,-0.00270099,-0.00328233,0.000140126,0.0203326,
773.563,2860.56,0,3.78935,6,0.481485,1,-4.74534e-10,6.55059e-10,-0.00139426,-0.00204163,0.0564641,-0.00238219,-0.00120597,-0.00304451,0.000468627,-0.00429595,-0.00396428,-0.000612056,0.00281569,0.047718,-0.00140291,0.00245186,-0.00633896,0.000773914,-0.00140722,-0.00555897,0.00268411,-0.0063626,0.000227898,0.00188117,-0.000899455,0.00297458,0.0162045,
569.463,3722.24,0,2.926,6,0.481485,1,-2.02325e-17,7.03867e-18,-0.00336199,0.0157112,0.0572451,0.00180272,0.00548411,0.00491104,0.00398788,-0.000267748,0.00213052,0.0103549,0.00319329,0.0483405,0.000470239,0.0138332,-0.00237737,0.00012527,0.00793039,0.00201178,0.00282517,-0.00120695,0.00047447,0.00157061,-0.0122779,-0.00488178,0.00908704,
1183.69,1596.11,0,2.56535,6,0.481485,1,-7.8671e-09,-7.8321e-09,-0.0156547,-0.000220056,0.0569596,-0.00383117,0.00658174,-0.00540857,-0.00772465,-0.00591004,-0.00263445,-0.000386173,-0.00207282,0.0413211,0.00292921,0.0018857,-0.00602602,0.002756,0.00781478,0.00575262,-0.00838723,-0.00265824,0.000888003,0.00342145,0.00734069,-0.01193,0.00402786,
1248.54,661.539,0,2.32017,6,0.481485,1,3.22924e-10,3.11708e-09,-0.00425399,0.00572686,0.0535591,0.00983064,-0.0143801,0.000488169,0.00733254,0.00512924,0.00350106,0.00637618,0.000939391,0.0528497,0.00955227,-0.00976136,0.00375017,-0.000323014,0.00163433,-0.0022526,-0.00449635,0.0041187,-0.0157022,-0.00960337,-0.0133394,0.0101301,0.027131,
77.4218,994.083,0,2.60311,6,0.481485,1,-2.65755e-09,3.21273e-09,0.0025936,0.0049917,0.0545338,-0.00360661,-0.00263242,-0.00222535,0.0151676,-0.00622731,-0.000877912,-0.00192356,0.0105603,0.0592251,0.00464914,-0.00292456,0.00593108,-0.00174417,0.00709673,0.000208063,-0.00534933,-0.00695582,-0.00452613,0.00485521,0.00612095,-0.000548574,0.00208558,
1825.31,235.979,0,5.89881,6,0.481485,1,-7.34231e-18,1.87687e-17,-0.00348455,-0.0031166,0.0690909,-0.00142674,-0.00119317,-4.85792e-05,-0.00193593,0.00197023,0.00154308,0.00212195,-0.00111824,0.0539511,-0.000241868,-0.000620397,-0.000690631,0.000461337,0.00438186,-0.00613447,-0.000753137,0.00080055,-0.00283752,0.00220512,-0.000260326,-0.0021298,0.0342125,
1565.82,31.3998,0,5.28532,6,0.481485,1,-5.1691e-17,1.59434e-16,-0.003546,-0.00672952,0.0663379,-0.000611573,0.000314053,-0.00450855,0.00286123,0.00122344,0.00107331,-0.00600985,-0.00335424,0.0593342,-0.000304924,-0.00165457,0.00324889,0.00326948,-0.00659698,-0.0032496,-0.000944337,0.000673572,0.00311371,0.00655503,-0.00953758,-0.00418492,0.0506692,
120.842,1522.98,0,4.16894,6,0.481485,1,-1.85361e-09,-1.43515e-09,-0.00232176,-0.00729073,0.0576262,-0.000266677,-0.00614312,-0.00615369,-0.002379,-0.00126033,0.00142014,0.0083697,-0.00209429,0.0539749,-0.000249973,-0.00193755,0.000249395,-0.00182128,0.00338605,-0.00103449,-0.000414189,0.00182154,0.00283271,-0.00402119,-0.00263219,-0.0056323,0.0250466,
1117.98,2495.55,0,2.8879,6,0.481485,1,7.62231e-11,1.26879e-10,-0.00185419,0.00272542,0.0613225,-0.00561583,0.00163435,0.00270623,-0.00249901,-5.87342e-05,0.00572981,0.00277484,-0.000111452,0.0583139,-0.00173222,-0.00307156,0.00557865,0.00573504,0.00113539,0.000728344,-0.000833882,-0.00319004,-0.006831,-0.000417589,0.0100556,0.00675634,0.00642022,
1527.78,1289.6,0,2.37679,6,0.481485,1,-1.63409e-09,-1.45659e-10,0.00301176,-0.00268067,0.0657442,2.73701e-05,-0.00192403,-0.00407565,0.00183747,0.00318863,0.00618646,0.00254785,-0.00945604,0.0510788,0.00753115,0.00602855,0.00251048,-0.00917352,0.00195816,0.00232701,0.00108325,-0.00538817,0.00260022,-0.00635997,-0.00272703,-0.00382222,0.0285408,
1003.39,333.567,0,2.61938,6,0.481485,1,4.22713e-09,-9.86078e-10,-0.0147695,-0.00667459,0.0655612,0.00553885,0.000776753,0.00370717,-0.00166142,-0.00987066,4.56959e-05,0.00449902,-0.00285742,0.0483422,0.000386299,0.000767679,-0.00394098,-0.00885367,-0.00473759,-0.00126168,0.0131501,-0.00390761,0.00779685,-0.00593105,0.00127796,0.000560457,0.00751527,
865.152,616.081,0,2.55805,6,0.481485,1,-7.38902e-10,-5.72951e-09,-0.00818267,0.00506592,0.0627066,0.0018771,0.00834267,-0.00352521,-0.0116029,0.0202971,-0.00232577,0.000654694,-0.000561595,0.0664981,0.0061783,0.00589723,0.00240604,-0.00280445,0.00117341,-0.00517814,0.00549556,-0.00231784,-9.42868e-05,0.00256199,-0.00904387,0.00472728,-0.010719,
