123.274,16.0112,0,-0.0463057,0.00161716,0.00157204,-7.44248e-06,0.000924732
256.528,10.363,0,0.00574569,0.000911712,0.00791453,0.000148847,0.0075981
422.771,8.47795,0,-0.0181655,0.0499572,0.611213,-0.0725797,0.496543
471.212,9.21572,0,0.00139154,-0.000851497,0.0268257,-0.000927575,0.0275961
202.612,7.5813,0,0.0115886,-0.00128887,0.957932,-0.0869135,1.06609
466.59,4.46823,0,-0.0720453,0.0792531,7.66806,1.59142,4.41484
508.564,3.65459,0,-0.074263,-0.279714,3.62411,-0.560937,2.26699
149.193,2.46726,0,-9999,0,9999,0,9999
405.416,3.12833,0,-0.10532,0.148353,68.5577,22.1995,36.2623
206.633,3.37071,0,0.388125,0.241912,42.2937,-7.3706,135.987
484.52,1.43589,0,-9999,0,9999,0,9999
260.701,1.05134,0,-9999,0,9999,0,9999
40.5397,0.886683,0,-9999,0,9999,0,9999
271.323,10.1369,0,-0.0129504,-0.00296641,0.213077,0.0152105,0.267769
176.82,10.5138,0,0.0140199,0.00938408,0.425566,0.0111435,0.298804
226.038,11.6984,0,-0.131424,-0.340088,4.33742,0.195852,3.42597
372.811,18.2007,0,0.0142437,0.00175032,0.0182425,-0.000321094,0.0187029
86.4454,19.945,0,-0.00617313,0.0012912,0.0543093,0.000284856,0.0553716
503.674,17.0473,0,0.0086087,0.662831,22.2583,-3.62111,47.4798
460.696,18.5882,0,0.146841,-0.0706952,5.78755,2.12152,11.7628
282.728,18.7474,0,-0.054055,0.15783,138.844,-49.5722,73.6843
413.006,28.9718,0,0.00718973,-0.00131464,0.00504737,6.05218e-05,0.00509609
142.535,20.8657,128,0,0,9999,0,9999
135.117,26.5504,0,-0.00813739,-0.000214041,0.0286701,0.00109943,0.0304127
192.479,23.3245,0,-0.146966,-0.331167,2.34341,0.0476347,3.32385
327.218,22.1453,0,0.0576423,0.492591,61.8508,-21.8156,157.603
312.682,23.081,128,0,0,9999,0,9999
493.565,29.9811,0,8.96046e-05,-0.00400782,0.0124977,9.46712e-05,0.0122242
406.067,26.0172,128,0,0,9999,0,9999
403.877,25.0125,128,0,0,9999,0,9999
121.142,25.3242,128,0,0,9999,0,9999
372.692,42.4567,0,0.121502,0.249421,712.223,-458.907,337.418
122.717,26.1916,64,0,0,9999,0,9999
445.443,26.7242,64,0,0,9999,0,9999
125.741,27.7717,128,0,0,9999,0,9999
127.273,28.6016,128,0,0,9999,0,9999
200.33,29.511,0,0.0561921,-0.369699,118.664,77.3012,1203.68
129.152,29.5844,128,0,0,9999,0,9999
439.584,30.0821,0,0.363826,0.246558,154.354,-130.968,126.313
277.239,29.9489,0,0.233637,0.176527,299.822,-141.432,155.542
130.821,30.479,128,0,0,9999,0,9999
135.841,33.0988,128,0,0,9999,0,9999
144.92,30.8534,0,-0.213724,0.211595,6061.03,-3024.53,1553.62
355.142,31.3589,128,0,0,9999,0,9999
352.091,33.2246,64,0,0,9999,0,9999
301.725,31.458,128,0,0,9999,0,9999
133.278,31.7455,0,-0.608851,-0.564638,3.64639,-3.37385,4.11248
353.157,32.0004,128,0,0,9999,0,9999
180.9,32.407,0,0.00189441,-0.107233,68.5716,-58.4161,98.1721
217.978,36.9895,0,-0.018697,0.00408101,0.0691462,-0.00136254,0.0729341
271.482,32.95,128,0,0,9999,0,9999
4.97559,33.9617,0,-0.61682,0.150489,313.52,316.126,448.773
272.311,34.259,128,0,0,9999,0,9999
480.209,34.2941,0,0.529948,0.222899,22.2593,-12.346,99.8537
311.588,34.1982,0,0.0834368,0.330822,16712.5,-25741.3,39729.9
516.667,35.3327,0,0.0512376,-0.0900941,6.56612,0.77526,8.17976
322.061,44.4917,0,-0.0123227,-0.287081,0.195782,-0.00280463,0.206289
470.543,37.0548,0,-0.18735,-0.0709733,69.9769,-59.7047,65.5605
23.3335,37.7344,0,0.328148,0.272399,24.1889,-15.8659,28.5972
493.987,38.6694,0,-0.188206,0.0137605,24.166,13.7521,154.976
151.991,39.8963,0,-0.571379,-0.0031126,207.866,76.998,50.5097
282.298,45.1094,0,0.0195496,-0.000671213,0.106408,-6.07795e-05,0.111448
298.472,42.3811,0,0.358761,0.117392,38.4797,-21.9576,44.446
241.4,48.8519,0,0.0222183,-0.472398,2.61894,0.287196,0.516518
29.2645,42.3182,0,-0.201276,0.628426,436.568,550.374,766.425
310.4,42.9929,0,-0.113199,0.516542,23.5851,27.6573,79.8892
51.8532,45.5366,0,0.0624022,0.0288542,1.78133,-0.221639,1.77693
507.165,44.0745,0,-0.021903,-0.0257149,114.111,-57.7862,93.3002
199.558,46.0607,0,0.354529,-0.48964,2766.83,520.289,112.164
442.09,51.6486,0,0.0249518,0.0102395,0.176606,-0.00809388,0.196551
332.708,92.9869,0,0.912746,-0.174318,0.000304848,0.000129215,0.000933594
362.634,53.6706,0,-0.00932979,-0.0108698,0.178611,0.0194929,0.176999
175.819,56.3728,0,0.0146767,-0.00627573,0.109329,0.00113301,0.121414
164.544,51.9917,0,0.145298,-0.24361,12.6977,-6.90175,34.3773
505.456,66.8593,0,0.016674,-0.00142665,0.00173344,3.06397e-05,0.000897463
70.2062,53.8234,0,-0.153676,-0.444546,18.1767,1.02905,246.11
272.203,57.9658,0,-0.00740328,-0.0114268,0.395852,0.032546,0.33284
102.951,55.2488,0,-0.164684,0.0642463,110.648,37.776,132.142
492.834,63.7143,0,-0.0150431,0.0106147,0.145542,-0.00687629,0.126924
543.424,57.2694,0,0.152519,0.128097,142.834,-14.2243,177.501
112.088,69.2728,0,0.410003,0.00720963,0.031492,0.00570404,0.733429
399.209,58.2017,0,-0.114899,0.107363,9.97349,8.19256,97.9671
343.351,58.6464,0,0.169497,0.0721256,5.55183,1.10949,5.16732
551.645,59.3285,0,-9999,0,9999,0,9999
202.845,59.7596,0,0.555328,0.317915,67.363,-15.5119,22.6028
469.12,62.184,0,-0.179737,0.0385982,8.42385,1.84706,10.4699
41.779,61.4426,0,0.408015,0.214675,36.0867,-11.944,101.843
75.8327,62.7677,0,0.103107,0.16205,17060.8,11964.3,8473.47
369.8,64.1887,0,-0.159647,0.242953,552796,-346142,216797
180.007,67.1212,0,-0.381527,0.0603338,3.3813,-1.2087,4.6981
1.32012,72.4656,0,-9999,0,9999,0,9999
176.796,66.9033,0,0.219723,-0.149181,13.9829,-3.3524,13.0622
161.929,74.9847,128,0,0,9999,0,9999
255.361,68.9008,0,-0.217902,0.387791,64.8406,13.7133,18.3766
414.007,75.0705,0,-0.000872364,0.00649531,0.0477774,-0.00252514,0.0471758
304.047,73.2621,0,0.00583938,-0.00739624,0.384378,0.030274,0.422946
428.836,73.1236,0,0.0343567,-0.0839959,11.6017,-2.05365,30.3861
161.046,76.6824,128,0,0,9999,0,9999
35.4961,74.0645,0,0.0942619,0.081075,44.8267,8.70504,129.598
97.4619,75.421,0,0.0149962,-0.0277319,263.397,260.237,304.123
107.027,79.2183,0,0.0904641,-0.152514,31.7453,-13.3743,15.0949
109.316,76.3652,0,-0.120156,0.0951979,4.14087,5.02515,15.5382
67.8467,85.4512,0,0.0392293,0.287681,0.0746643,0.00172883,0.0743646
358.895,78.5398,0,-0.33355,-0.145217,15.546,-7.39653,28.6563
74.0345,83.9427,0,-0.294948,-0.286019,0.622636,0.0781429,1.25177
137.999,78.9086,0,-0.109777,-0.0462077,207.394,-23.1825,36.4423
409.072,83.8682,0,0.0264092,0.0499841,0.414307,0.0104857,0.520087
367.289,79.6662,0,-0.52768,0.0455604,41.9126,14.0491,46.8987
163.898,80.1571,128,0,0,9999,0,9999
11.1974,81.7412,128,0,0,9999,0,9999
128.391,86.387,0,0.161703,0.108452,0.70594,0.0555896,0.657565
466.279,84.2262,0,0.323432,0.221811,23.8304,2.69511,26.6459
340.813,86.8809,0,0.180466,-7.41913e-05,8.27048,2.41178,7.0724
424.526,91.7789,0,-0.00667153,0.000947511,0.0141938,1.43428e-05,0.0139993
33.5518,85.3697,128,0,0,9999,0,9999
205.435,87.1843,0,-0.156088,0.0762995,31.3206,2.74761,125.394
368.977,87.8032,0,-0.297141,0.116444,19.2898,-5.91274,23.5288
103.652,87.8602,128,0,0,9999,0,9999
270.915,90.0631,0,-0.138425,0.0890192,6.00398,-3.25513,25.0692
522.32,90.3053,0,-0.0340054,-0.131722,14.2343,-6.79927,51.4872
246.503,93.8166,0,0.110232,0.123532,0.910456,-0.00625747,0.965302
205.805,91.2084,0,-0.587168,-0.160258,6.13174,-2.80388,9.13443
427.764,99.2709,0,0.120017,-0.0836647,0.115167,-0.00194447,0.114856
398.609,92.0743,0,-0.235945,0.0290153,4891.76,-14877.8,45650.4
173.125,93.359,128,0,0,9999,0,9999
344.677,93.7902,0,0.0681045,-0.0953646,10.2257,-1.3889,9.75462
58.8597,94.9444,0,0.13687,0.345488,8012.23,9805.3,12270.4
149.222,95.84,0,0.171743,-0.129122,1946.97,411.653,122.701
452.177,96.2634,0,-0.0273423,0.253717,18.6254,3.03069,19.3132
200.858,96.3406,0,0.0252127,0.509588,13.8278,3.2159,10.7075
133.767,96.7812,0,-0.0566286,-0.119884,219.078,152.873,833.901
317.92,97.4616,0,0.328144,0.179905,392.928,107.224,338.185
168.408,102,0,0.0101305,0.0185191,0.349087,-0.0375966,0.398383
527.934,97.9304,0,-0.32705,-0.0541697,1.87138,-0.0925787,2.03512
110.711,111.472,0,-0.48851,0.14854,0.589552,0.116999,0.484149
207.19,100.597,0,0.560591,0.0800679,21.7167,4.3716,34.4582
311.826,100.236,0,-0.570334,-0.206665,38.5062,25.9324,41.4616
136.824,99.3098,0,-0.0852345,-0.0722024,462.549,512.16,705.154
484.615,103.039,0,-0.00995739,0.0139633,0.289438,0.0167629,0.294864
527.696,99.9578,0,-0.332114,-0.0526822,1.8363,-0.188377,2.47517
330.062,111.116,0,0.0724787,-0.0016307,0.00169007,2.93574e-05,0.00483438
142.798,100.832,0,0.0418817,0.396919,132.181,136.54,155.012
65.03,101.379,0,0.210216,-0.0206875,884.492,2448.36,7018.8
32.8641,101.29,0,-0.352794,-0.363518,32.9183,2.8301,75.6473
109.911,106.294,0,-0.305041,-0.250065,3.52202,0.0628627,4.71369
187.441,105.27,0,-0.244105,-0.0433972,7.9554,-1.56039,9.65668
471.118,103.133,0,-0.181828,0.0652388,9.55097,3.61612,40.9473
453.492,114.171,0,-0.00118826,-0.000980245,0.00325773,4.3446e-06,0.00335166
5.37783,103.457,0,0.629071,0.328671,6.21736,39.1705,562.285
42.7002,107.315,128,0,0,9999,0,9999
40.5132,107.827,128,0,0,9999,0,9999
144.815,111.276,0,0.0252639,-0.140178,9.09649,-8.77273,26.5984
420.971,111.395,0,0.263894,-0.545785,17.7701,12.0169,24.0121
45.3684,112.05,128,0,0,9999,0,9999
201.511,113.987,0,0.145802,-0.380613,351.93,51.9299,202.177
91.2057,122.004,0,-0.279299,-0.100204,1.17286,0.160497,1.56707
4.89642,365.396,64,0,0,9999,0,9999
459.543,133.916,0,-0.0900612,-0.0961141,0.086181,-0.00439137,0.0853336
313.203,121.37,0,-0.0098029,-0.0344334,0.438273,-0.0702035,0.594457
92.2366,118.818,0,0.17092,-0.440646,78.5418,19.0048,75.9338
4.82536,120.915,0,-0.594546,0.0976491,2.47459,0.328323,7.28318
496.924,121.916,0,0.0382142,0.188575,30.9643,-11.5365,29.0054
447.841,122.584,128,0,0,9999,0,9999
136.429,125.036,0,-0.174055,0.196388,45.2726,6.59572,13.2844
388.525,125.032,128,0,0,9999,0,9999
44.9901,125.208,64,0,0,9999,0,9999
409.034,125.527,0,-0.00312576,-0.255156,973.345,-1918.39,4858.26
430.048,126.391,0,0.600253,-0.416771,39.8857,12.0658,47.3486
390.806,126.451,0,0.35656,0.113036,3.84618,-1.4963,4.91718
43.3955,128.771,0,0.190277,-0.00849117,3.02901,0.437384,2.0991
524.921,126.73,0,0.258926,0.0205936,8246.28,7812.1,7429.46
1.25467,130.971,0,-9999,0,9999,0,9999
192.687,127.698,0,-0.198048,-0.359404,700.403,1079.01,1778.15
369.619,133.678,0,0.00896898,-0.302791,0.305296,0.0768276,0.455967
407.6,129.728,0,0.0826686,-0.235135,230.838,348.437,2061.59
328.479,131.651,0,0.376521,0.107754,10570.3,9141.76,7930.21
64.506,131.526,0,0.132689,-0.0856004,23070.1,-73597,237323
480.759,131.767,0,0.176173,-0.107161,5.81165,-0.0720135,7.23041
496.171,132.304,0,-0.00288473,0.213322,3806.71,-10348.9,28258.1
4.66447,132.405,0,-0.12186,-0.143925,135.484,71.1517,107.998
248.359,132.446,0,-0.257464,0.176439,118.922,45.4636,75.369
338.404,132.735,128,0,0,9999,0,9999
222.955,135.618,0,0.0385679,0.296413,15.7201,8.35623,14.8747
141.515,162.143,0,-0.544002,0.465312,7.10858,-7.39249,18.3554
526.349,138.23,0,-0.197297,-0.419641,170.526,-58.3533,130.414
544.774,138.603,0,0.115007,-0.0111669,209.554,363.671,1351.48
252.283,138.508,64,0,0,9999,0,9999
12.9269,140.231,0,-0.184947,0.416321,751.651,-127.439,45.1254
440.367,149.112,0,0.00418112,-0.000322501,0.00578094,-4.8133e-05,0.00580155
68.192,141.074,0,-0.158141,0.113038,127.266,39.1666,41.3461
409.614,143.196,0,0.269938,0.133976,1.34729,0.134421,1.2539
168.815,141.547,0,-0.461706,0.147159,152.589,42.8964,25.6764
345.943,143.488,0,-0.0163069,0.153254,50.4215,-41.34,55.7483
392.567,144.121,0,0.280614,-0.442531,63.072,-94.7493,302.33
544.285,144.922,128,0,0,9999,0,9999
539.433,162.899,0,-0.122706,0.865955,4.00367,0.594661,0.120258
274.925,146.71,128,0,0,9999,0,9999
152.361,151.737,0,0.0211787,0.186897,8.10794,7.83799,17.256
260.013,149.208,0,0.00236367,-0.130664,43.308,-65.9821,223.394
541.426,155.668,0,-0.0160797,0.00588075,0.0233965,-0.000123088,0.022404
416.607,149.85,64,0,0,9999,0,9999
418.846,150.285,128,0,0,9999,0,9999
255.582,162.23,0,-0.00438336,4.34384e-05,0.00254964,1.6862e-05,0.0025356
103.111,151.663,0,-0.440064,0.412689,10.6029,5.41805,21.1474
284.375,152.194,0,0.235327,0.0631534,15.2455,3.04829,7.91928
350.414,152.284,64,0,0,9999,0,9999
499.446,157.016,0,0.088712,0.0617034,0.387715,0.0368224,0.348034
413.951,155.371,0,0.041507,0.0613977,1.61994,0.438455,3.51772
360.52,153.811,128,0,0,9999,0,9999
153.358,154.703,0,-0.393392,0.31013,9.55081,3.44063,22.4288
417.415,156.474,128,0,0,9999,0,9999
87.9906,158.59,0,-0.118241,0.428736,5.55328,4.64998,14.3665
522.455,157.747,0,0.0861879,-0.224204,65.9084,-57.5058,85.3865
408.299,167.833,0,-0.00540219,-0.00272052,0.00413931,-3.28608e-06,0.00417132
398.35,164.367,0,-0.324979,0.357882,11.4007,8.02852,6.98382
25.5814,214.936,0,-0.116804,-0.000314775,0.00110318,-1.59329e-06,0.000150246
205.41,159.738,0,0.245235,0.154594,60.0131,-38.063,61.766
483.786,164.407,0,0.0217048,0.00787624,0.0993113,0.000457511,0.0960775
527.34,173.745,64,0,0,9999,0,9999
55.3163,160.885,0,0.354582,0.43865,236.475,378.772,759.768
435.54,165.503,0,-0.0102786,-0.00505788,0.204604,0.00865642,0.207747
105.471,163.134,0,0.264566,0.00254256,2.60809,-0.842481,2.44267
525.982,165.984,0,0.00915397,-0.00890129,0.262273,-0.0327883,0.233776
39.5982,172.548,0,-0.000134368,-0.00157806,0.0055016,-2.86814e-05,0.00567332
49.9681,174.001,0,0.0247276,0.0752554,0.234532,0.00416628,0.230379
531.746,169.819,2048,0,0,0.377744,-0.307402,0.489498
89.7461,164.33,0,-0.105838,-0.127553,23.4452,-10.9975,15.6222
233.591,166.342,0,0.0164626,-0.0762202,48.767,-2.32283,14.2846
276.831,166.582,0,-0.294586,0.0537066,16.1174,-7.83101,30.5322
251.963,167.3,0,-0.113393,-0.121841,55.5474,32.3902,67.0786
451.013,178.633,0,0.0340252,0.0912028,4.11179,1.76094,6.57338
230.828,177.593,0,0.129748,0.0215187,0.510961,0.042293,0.556349
318.584,173.709,0,0.0902976,0.171049,12.5482,-5.81964,33.7542
299.511,184.08,0,0.0506082,0.215426,44.0146,-5.44484,12.7378
540.448,175.285,0,-0.0534079,0.0677908,50.8286,17.2421,85.2045
188.357,175.43,0,0.297031,0.332953,490.919,-137.467,117.63
482.895,175.84,0,0.101558,-0.263838,40.6841,-15.1148,31.9759
124.254,175.946,0,0.306594,0.479175,41.8538,83.9054,334.797
430.739,185.773,0,-0.00358667,0.000760376,0.00244978,5.9651e-06,0.00252076
456.635,176.296,0,-0.00411253,0.278897,193.333,-328.844,2083.81
520.549,182.541,0,0.100573,0.448756,1.54893,-0.0440466,0.256834
337.106,178.616,0,-0.147153,-0.0290089,17.0773,-4.13768,7.54336
80.7079,179.68,0,0.0719744,0.455182,53.3204,-6.38778,218.377
150.429,179.433,0,0.04981,0.465952,3.93049,1.61465,5.94768
269.867,185.484,0,0.00516141,0.00323703,0.0543484,0.00036257,0.0556571
143.031,180.911,128,0,0,9999,0,9999
477.881,182.511,0,-0.310908,0.180314,134.072,1.78171,27.4179
419.664,187.51,0,0.30515,-0.389533,0.750189,0.0356313,0.606092
133.287,192.959,128,0,0,9999,0,9999
290.606,184.233,0,0.145944,-0.158356,14.5915,2.52603,7.44336
145.35,188.431,0,-0.370252,-0.0715634,1.98462,0.157493,2.38381
129.852,184.304,0,0.18345,0.302613,87.2114,-10.6289,21.2633
195.678,184.443,128,0,0,9999,0,9999
85.7849,184.721,0,-0.163175,0.185932,14.8225,-7.9357,19.0955
501.863,185.307,0,-0.124385,-0.320082,16776.9,2054.34,337.477
124.089,187.227,0,-0.194364,-0.440293,12.0043,2.64546,4.91466
468.302,195.386,0,0.209579,0.200627,0.305037,0.031336,0.270545
130.752,188.422,0,0.0213276,0.0801011,24.243,-3.26335,5.91978
94.4582,188.536,0,-0.591063,-0.259309,149.522,-201,301.363
123.041,189.262,0,-0.185734,-0.45018,5.59258,0.207054,2.82626
241.736,193.01,0,0.0134253,0.0512184,4.1401,0.875786,2.03338
114.676,190.2,0,0.465511,-0.107117,11.5103,5.83221,179.483
118.892,190.349,0,-0.153853,-0.00701657,57.4571,44.6832,101.91
511.871,190.941,0,0.297267,-0.205964,94.497,30.4415,60.8532
135.446,191.624,64,0,0,9999,0,9999
234.349,199.792,0,0.00324354,0.000799672,0.0134085,-6.69997e-05,0.0135919
25.0281,193.131,0,-0.368095,0.0632007,50.5927,-17.6533,38.8018
138.553,192.614,0,0.389006,-0.0926817,107.147,51.648,72.6472
197.811,203.513,0,-0.0159196,-0.00143061,0.0020619,-6.75981e-06,0.00191088
516.502,192.792,0,-0.376144,-0.277528,88.9838,5.94233,29.1737
71.1774,192.773,0,-0.290076,0.328618,178.647,106.935,79.3462
265.15,194.463,0,0.0155852,0.153438,4.92839,-0.531563,3.97913
308.44,193.27,128,0,0,9999,0,9999
169.422,193.799,0,-0.352006,-0.0494452,37.6781,-1.41304,63.9135
315.476,194.238,0,0.072532,-0.00857406,5598.55,-6064.05,6769.88
130.682,194.531,128,0,0,9999,0,9999
129.693,195.035,128,0,0,9999,0,9999
99.4248,201.007,0,-0.35724,-0.140793,1.69754,-0.27872,2.29556
545.962,198.877,0,0.121184,0.42405,126.29,63.8034,81.8894
181.809,199.596,0,0.329688,0.337533,18467.1,30912.9,51954.7
55.8163,199.727,0,-0.00301681,0.317128,79.3661,38.7736,309.025
10.2951,206.393,0,-0.00848441,-0.0124361,0.31988,-0.0147708,0.373073
487.142,203.636,0,0.263623,0.0271346,22.0301,-4.5467,15.5644
403.204,203.924,0,-0.241283,-0.218776,85.303,-18.2141,31.6118
474.42,218.729,0,-0.148597,-0.180676,0.269965,-0.0018734,0.383668
75.7887,209.037,0,0.10335,0.0612059,3.89263,1.01323,2.58296
187.408,210.918,0,-0.216444,-0.035093,2.64878,-0.0711974,2.90669
223.251,225.757,0,-0.498633,-0.751567,2.27413,0.199011,0.870537
227.877,208.806,64,0,0,9999,0,9999
149.501,209.498,64,0,0,9999,0,9999
79.2958,218.155,0,0.00119895,-0.00109645,0.0107786,-0.000206307,0.011268
219.731,324.807,0,-0.13581,-0.000879877,0.000995031,4.12741e-06,0.000108915
444.272,211.663,0,0.446338,-0.13427,32.981,-3.2993,6.51561
552.134,212.35,0,-9999,0,9999,0,9999
106.089,212.411,128,0,0,9999,0,9999
91.1142,212.936,0,0.0740061,0.241711,65.3118,-52.5772,348.589
115.747,213.487,0,0.257533,-0.174196,5.45933,0.380402,10.5521
306.504,224.335,0,-0.00491833,-0.0406421,0.140461,-0.00181114,0.172008
1.45484,219.344,0,-9999,0,9999,0,9999
202.55,216.749,0,0.19093,-0.0159707,2.6685,-0.375992,2.42165
367.365,215.529,0,0.360123,0.117094,4587.79,1843.06,764.322
96.7507,218.453,0,-0.0675746,0.0022094,240.479,68.3256,192.955
153.204,224.663,0,-0.0342198,-0.169698,0.324957,0.0106047,0.429669
281.497,218.772,0,-0.0961914,0.315382,79.8017,113.876,221.343
180.705,218.937,0,0.439864,-0.0788134,46.1753,4.36168,90.1759
349.869,219.513,0,0.146877,-0.246262,166.79,30.3114,61.1784
162.235,224.647,0,0.000957104,-0.000949708,0.0652818,-0.00153838,0.0610813
539.657,221.229,0,0.166301,-0.284535,593.264,4.87033,78.0866
180.876,222.105,0,-0.274494,0.268716,79.3399,45.9141,67.6213
501.347,222.4,0,0.243199,0.26716,21.5803,7.87117,41.8416
367.859,223.495,0,-0.246597,0.0796523,13.1789,1.9169,10.5571
119.106,224.703,0,0.209506,-0.463968,3.17498,-1.25776,4.52251
14.5318,225.302,128,0,0,9999,0,9999
13.1287,225.295,128,0,0,9999,0,9999
488.408,225.36,0,0.209048,0.553048,81.0345,62.8211,137.044
333.693,225.792,0,0.286849,-0.155934,6.51402,-2.12665,9.50513
7.74943,227.562,0,-0.0789646,-0.074825,36.3711,15.2684,15.1722
14.411,226.198,0,-0.0945845,-0.0494231,1.7218,-1.51874,2.91824
481.872,228.081,0,-0.097836,-0.103142,9.24802,-2.22732,22.3926
421.211,228.502,0,0.283527,0.596125,18694.1,-12056.5,7789.69
442.365,232.044,0,0.0316047,-0.0966495,1012.51,-282.565,120.937
334.217,232.272,0,-0.31217,0.414954,33.7171,9.75273,276.456
255.093,232.896,0,0.249277,-0.0478645,116.129,17.9422,274.55
529.81,233.349,0,0.634834,0.0503963,1.06498,-0.00428198,1.46988
45.6629,234.016,0,-0.478836,-0.342506,6.80749,4.29086,14.6053
532.462,233.572,0,-0.273848,0.363046,152.452,67.7214,135.724
10.4849,235.181,128,0,0,9999,0,9999
12.017,233.819,128,0,0,9999,0,9999
208.277,239.366,0,-0.00759721,0.0185211,0.0641186,0.00247925,0.0655361
384.467,234.549,0,-0.0162981,0.0989733,17.2401,3.33782,11.1934
96.5261,235.034,128,0,0,9999,0,9999
158.745,242.041,0,0.00625562,0.000977527,0.0143414,-0.000179831,0.0151122
9.99,236.518,128,0,0,9999,0,9999
348.098,237.005,0,-0.201055,-0.501048,282.348,-12.1976,5.14825
417.836,251.295,0,-0.00187349,0.00179855,0.020193,-0.000316094,0.0199289
9.80864,238.765,128,0,0,9999,0,9999
454.372,238.412,0,-0.0739258,-0.636828,10.4627,3.76458,60.8161
232.106,239.176,0,-0.130118,-0.0162865,57.069,57.8339,101.262
114.988,239.856,0,0.0734885,-0.0827484,14.1575,0.859029,19.6531
355.242,241.902,64,0,0,9999,0,9999
150.762,242.177,0,0.171816,-0.226429,26.0487,1.76622,805.587
297.016,243.613,0,0.0583657,0.0645678,2.05623,-0.376993,2.44628
157.247,252.867,0,-0.0110717,0.000221306,0.00360911,1.70601e-05,0.00386165
463.496,242.671,0,0.124608,-0.176259,56.3185,-78.4146,184.884
5.14096,243.9,0,0.37831,0.318256,65.2533,-22.7049,33.0949
255.905,244.629,0,0.153698,-0.104486,142.835,-21.984,58.1413
440.702,245.398,0,-0.0443265,-0.658775,11.5917,2.26459,12.5657
10.6321,245.935,128,0,0,9999,0,9999
30.1255,246.549,64,0,0,9999,0,9999
135.519,246.61,0,-0.0768264,-0.502099,13.9894,-7.34364,69.8101
481.853,257.216,0,0.00134712,0.00403136,0.0137823,9.31185e-05,0.0141168
377.082,250.673,0,-0.0255766,0.0586318,129.227,30.2993,122.044
150.215,250.576,0,-0.325011,-0.186566,21.0249,19.8084,114.029
367.994,252.065,0,0.0199691,0.054624,3.59437,-0.0204089,5.61872
445.935,252.452,0,-0.459197,-0.11746,19.0348,-2.09889,14.631
326.946,253.064,0,-0.433587,-0.244351,1798.06,1323.6,1000.15
39.2345,254.441,0,-0.107247,-0.14945,33.3059,-21.7473,285.794
204.324,255.411,0,0.0411594,-0.206564,383.579,-0.333727,526.802
138.834,255.908,0,-0.223324,-0.250948,4600.73,-7110.3,11113.5
444.361,256.488,0,-0.0892084,-0.165537,250.573,208.012,197.578
511.11,259.765,0,-0.0489467,0.022511,2.3401,-0.212432,1.49567
121.049,257.539,0,-0.124382,-0.387459,134.484,-27.0212,91.7183
471.585,279.855,128,0,0,9999,0,9999
268.55,258.494,128,0,0,9999,0,9999
481.032,263.86,0,0.478775,0.0319458,0.383208,-0.124896,4.53976
101.757,258.825,0,0.263723,0.0961846,14.3427,0.482332,22.6422
108.585,259.141,0,-0.1629,0.30313,89.0991,-51.4657,112.952
376.696,263.233,0,0.0529396,0.0563199,0.954055,-0.0397051,0.966747
215.986,259.89,128,0,0,9999,0,9999
41.8778,260.818,0,-0.351694,-0.052293,43.2665,-8.06125,79.3088
522.266,263.384,0,0.0969523,0.0659207,2.8985,0.723512,3.14484
180.844,262.076,128,0,0,9999,0,9999
184.414,262.44,64,0,0,9999,0,9999
186.846,262.71,64,0,0,9999,0,9999
543.197,268.186,0,0.00272157,0.00201896,0.161689,0.014215,0.168351
510.235,265.577,0,-0.339066,-0.494596,2.61491,-2.64517,11.3786
345.068,267.991,0,-0.0254185,0.0181975,0.299869,-0.00627995,0.303286
350.325,272.311,0,-0.566844,-0.0566208,0.308053,-0.0901334,0.490118
505.98,267.298,0,-0.304396,0.166787,6.1125,-2.96037,19.4397
529.816,276.002,0,0.136126,0.0352095,0.0900341,0.00527362,0.0938544
20.9039,268.402,0,0.0434966,-0.00358866,15.3949,3.20182,12.1447
208.92,268.211,0,-0.236418,0.186972,16.4264,0.282137,19.7816
132.323,268.498,0,0.10622,0.371556,235.737,-22.491,31.0693
458.12,268.4,0,-0.531946,-0.202812,18195.9,-74040.1,301645
104.281,268.832,0,0.0863339,0.0115075,26.0758,17.4133,74.8663
105.817,269.768,128,0,0,9999,0,9999
434.803,272.462,0,0.321747,-0.210786,316.345,504.742,824.853
410.322,274.982,0,-0.0774494,0.163404,5.08289,-0.0276839,4.90094
153.322,272.651,0,-0.156304,-0.0291302,30.8487,4.1868,38.9778
476.142,273.534,128,0,0,9999,0,9999
475.589,274.609,128,0,0,9999,0,9999
47.1947,280.12,0,0.0658836,0.0138828,0.171482,-0.0208348,0.178387
264.011,275.314,0,0.0509246,-0.397584,40.7737,23.5512,224.182
537.092,277.482,0,0.294637,-0.210538,656.437,-275.264,142.304
474.86,275.9,128,0,0,9999,0,9999
489.883,277.293,128,0,0,9999,0,9999
13.1495,282.739,0,-0.00102621,-0.00160712,0.0226916,8.14398e-05,0.0228944
355.728,298.82,0,0.23598,0.672899,284.486,23.6441,28.6832
463.363,278.429,128,0,0,9999,0,9999
152.787,278.678,0,-0.060996,0.48342,493228,286538,166476
489.966,279.493,128,0,0,9999,0,9999
469.573,285.085,64,0,0,9999,0,9999
473.005,286.438,0,-0.0013069,0.00155395,0.0362796,0.000727297,0.0339149
305.23,281.173,0,-0.659817,0.614058,7.92638,6.46746,9.99983
97.0993,281.972,0,0.449948,0.0396162,1.05664,0.030495,1.76744
544.922,282.871,0,-0.10519,0.0206962,3522.31,5203.51,7852.97
158.613,282.663,0,0.0704287,0.0747992,3.58801,-1.43483,7.35355
468.086,288.56,128,0,0,9999,0,9999
355.32,284.097,0,0.200994,0.244392,2160.3,308.391,192.182
452.215,284.377,2048,0,0,16.5192,-6.72512,3.68461
297.81,285.26,0,-0.131019,0.129044,102.762,-31.3088,238.005
465.847,292.518,128,0,0,9999,0,9999
486.108,286.505,0,-0.121871,-0.123368,35.3668,-42.7139,267.825
395.693,291.36,0,0.0657148,0.0626456,0.417988,0.000797866,0.33656
543.605,291.657,0,-0.313621,-0.0431514,2.67593,1.49537,7.60916
416.551,292.885,0,-0.200913,-0.12391,2.73952,-0.374519,3.70515
527.82,295.961,0,0.011406,0.00403054,0.178566,0.0130226,0.19394
547.557,291.362,0,0.133318,-0.258675,3712.79,-2261.52,1691.37
482.593,293.277,0,-0.133591,0.0409441,7.6775,-2.01086,5.69659
68.843,294.162,0,-0.00260952,0.252874,61.7296,10.2673,48.4658
193.615,295.002,0,0.244701,0.259382,848.303,-935.355,1076.49
11.6765,294.997,0,0.158531,-0.500766,29.6044,5.15228,7.12774
111.711,298.585,0,-0.51288,-0.11876,24.518,-0.446555,32.2278
4.61665,301.034,0,0.278936,0.00773429,9.87611,-4.40228,12.1964
339.841,300.343,0,0.67823,0.105976,18.6727,1.91645,4.33476
12.9479,300.51,128,0,0,9999,0,9999
15.7998,300.904,128,0,0,9999,0,9999
14.842,300.904,128,0,0,9999,0,9999
271.361,301.639,0,0.261509,0.251387,49.6508,36.6099,48.0582
525.936,301.73,0,0.0549412,-0.212587,27.8895,-44.6713,150.07
53.9935,308.021,0,-0.338204,-0.449319,1.2109,-0.613303,4.26594
522.423,311.699,0,0.0116412,-0.000306762,0.0389656,0.000451317,0.0402529
189.474,307.557,0,-0.427367,-0.349531,34.347,-39.9387,95.3535
314.245,308.343,0,-0.327639,-0.226342,32.557,7.66306,76.4347
435.613,308.718,0,-0.284648,-0.273564,4.212,0.61605,5.77975
53.3793,309.161,0,-0.354245,-0.477286,1.58919,-1.15907,2.40155
435.059,310.019,0,-0.29443,-0.292284,3.65765,0.954162,6.06005
197.322,316.502,0,0.0228823,0.00721466,0.203911,-0.00465435,0.196769
129.538,313.386,128,0,0,9999,0,9999
132.31,314.52,128,0,0,9999,0,9999
463.612,316.462,0,0.141773,-0.11506,139.743,0.0751783,28.3981
134.943,315.638,128,0,0,9999,0,9999
533.382,318.73,128,0,0,9999,0,9999
269.808,316.278,0,0.279597,-0.316792,171.379,121.792,340.465
136.48,316.3,128,0,0,9999,0,9999
138.102,316.967,128,0,0,9999,0,9999
140.259,317.914,64,0,0,9999,0,9999
382.679,331.142,0,-0.0517867,0.00048749,0.00171332,4.95775e-06,0.000974426
175.796,327.062,0,0.293938,0.30959,0.189301,-0.0986279,0.144071
65.6697,318.195,0,-0.244615,-0.211432,17.2488,-8.65244,38.849
97.7951,321.692,0,0.0178166,0.0245709,0.348174,0.024816,0.446946
314.628,320.728,0,-0.321784,0.00928371,103.683,-16.4096,154.065
510.03,321.103,0,0.348802,-0.239044,67.2801,54.298,256.699
343.502,325.59,0,0.0653053,0.0120818,1.02253,0.0733999,1.26988
317.69,327.524,0,0.00957861,0.00216499,0.0344738,0.000493931,0.0360452
255.556,325.609,0,-0.132567,0.100758,17.1927,-9.40637,15.5085
34.8238,322.861,0,-0.0728693,-0.0257432,57.6382,-17.6856,15.77
457.736,323.879,0,-0.171076,-0.00404152,72.3808,-24.7726,175.105
229.646,323.085,0,0.364017,0.551737,49.1415,-11.5072,23.7816
308.213,323.479,128,0,0,9999,0,9999
41.9,338.477,0,-0.0701624,-0.00232475,0.00161798,5.03228e-05,0.000715737
528.036,326.606,2048,0,0,118.619,19.6362,48.2846
4.80738,328.423,0,-0.615384,-0.124665,1654.04,-2936.1,5294.11
251.201,331.871,0,0.0191739,0.0577986,0.723375,-0.062419,0.841033
529.748,332.427,128,0,0,9999,0,9999
527.237,332.394,64,0,0,9999,0,9999
525.687,332.37,64,0,0,9999,0,9999
532.367,332.47,128,0,0,9999,0,9999
258.674,344.747,0,-0.00554344,0.00185765,0.00282714,-1.52087e-05,0.002893
83.396,334.892,0,0.0572665,0.211405,31.577,52.2756,128.945
319.548,335.726,0,0.226852,-0.395335,91.7148,21.6127,17.7642
162.108,340.208,0,-0.00245993,0.0104861,0.158885,-0.00203974,0.148366
16.4142,336.884,0,0.191116,-0.311555,852.797,603.46,473.197
421.457,337.273,0,-0.422263,0.323653,51.0709,6.19413,16.8689
457.993,338.186,0,-0.0797575,-0.022901,28.1978,12.2067,27.924
464.176,338.693,64,0,0,9999,0,9999
466.606,339.12,64,0,0,9999,0,9999
162.553,345.711,0,0.00317574,0.00482658,0.0427177,-0.00223485,0.0444547
474.811,341.261,0,-0.0582388,0.132501,666.727,-516.33,705.991
143.607,341.928,0,0.0465687,0.0891386,44.3404,-22.6518,39.6432
173.89,344.92,0,-0.150531,0.00357662,86.8946,-32.0136,109.165
480.651,345.832,0,-0.180745,0.112677,233.245,-269.431,575.959
412.501,348.192,0,0.00412838,-0.019375,11.5244,-3.39399,7.88339
223.907,352.347,0,-0.0131756,-0.0131461,0.0789721,-0.0049078,0.0810793
500.453,347.981,0,0.226371,0.303658,111.607,-41.463,41.4736
394.532,350.069,128,0,0,9999,0,9999
415.549,349.863,0,0.00245072,0.0564244,6.03808,1.55368,9.56615
198.264,357.961,0,-0.0567547,-0.216047,0.345501,-0.0114444,0.401173
422.642,354.038,0,-0.10715,-0.0388287,72.4144,38.0876,39.2204
443.146,354.442,128,0,0,9999,0,9999
255.846,361.714,0,0.0924817,0.0678694,0.389354,0.0514075,0.415893
480.829,355.328,0,-0.243358,-0.0493528,1.65682e+06,389266,91494.9
30.473,363.938,0,0.00277499,0.00301494,0.00895188,-7.7171e-05,0.00859599
521.451,360.831,0,-0.00933987,0.00367513,0.20197,-0.0064256,0.231465
202.788,357.872,0,-0.443826,0.0816409,111.334,39.949,118.751
328.609,362.567,0,0.0760146,0.00494917,0.16605,0.0141425,0.122234
257.856,358.925,128,0,0,9999,0,9999
291.87,360.161,0,0.519046,-0.241429,7615.62,-1140.89,202.078
383.319,363.031,0,-0.0168212,-0.0147552,0.394857,-0.00117421,0.379894
284.456,360.658,0,-0.302444,0.299057,1.35161,0.761335,1.1745
198.131,363.382,0,0.397351,0.16267,13.8696,-0.608556,12.1617
15.1685,363.161,128,0,0,9999,0,9999
44.0381,362.918,0,-0.491502,-0.210615,107.2,24.7409,14.2218
390.366,364.681,0,-0.232686,-0.418297,93.0668,85.9244,106.824
34.6985,366.417,0,0.23814,0.485738,14.8443,19.0781,86.0374
303.769,365.863,128,0,0,9999,0,9999
56.6951,365.901,128,0,0,9999,0,9999
86.4553,370.985,0,-0.00846803,0.00535851,0.0523007,0.0027622,0.0542304
535.035,366.719,0,-0.123039,-0.0221081,97.0755,35.2672,32.8614
136.004,367.583,0,-0.321101,-0.0941963,57.5303,-16.4449,200.328
341.042,369.571,0,-0.0209393,-0.0419535,5.14975,-0.639896,3.56303
249.248,380.082,0,-0.169677,0.453081,15.4611,0.937665,0.458259
204.018,374.536,0,-0.162458,-0.143906,1.66268,0.408615,7.74049
89.9543,374.987,0,0.00660173,0.0715455,87.5216,-188.767,516.76
344.987,383.014,0,-0.000129998,0.00181909,0.00769997,2.66747e-05,0.00797405
188.277,375.152,128,0,0,9999,0,9999
205.259,376.097,0,-0.139059,-0.113486,1.18506,0.27141,7.17057
502.249,376.58,0,-0.27297,0.300864,20.1147,-1.51067,15.7932
195.864,377.163,0,0.142726,-0.297947,52.3375,-28.518,59.7249
52.7915,379.126,128,0,0,9999,0,9999
493.082,379.723,128,0,0,9999,0,9999
51.8667,381.675,128,0,0,9999,0,9999
512.355,381.362,0,-0.357352,-0.0640038,28.6537,-12.3672,12.6077
274.01,387.183,0,0.000185889,0.00150922,0.0478849,-0.000391434,0.047018
272.522,382.277,0,-0.187782,0.211936,5.84429,-11.3662,75.8499
493.441,381.829,128,0,0,9999,0,9999
155.777,382.066,0,-0.0518043,-0.00790529,212.098,172.793,301.318
53.0555,382.717,0,-0.24664,-0.372187,241.602,-522.795,1177.15
124.91,383.362,64,0,0,9999,0,9999
456.357,383.891,0,-0.597483,0.276206,20.538,18.2594,122.897
551.424,387.99,0,-9999,0,9999,0,9999
239.967,386.359,0,0.0493412,-0.0715221,7.9913,3.86904,21.5401
266.284,385.763,0,-0.00327535,0.159064,11401.2,-8254.58,6018.95
393.952,388.643,128,0,0,9999,0,9999
300.34,389.429,0,0.0546069,-0.453969,418.957,170.628,136.747
44.6785,390.258,0,0.0556845,-0.387018,212.908,154.64,272.09
359.664,401.463,0,0.0423407,-0.400064,167.56,33.4906,6.71793
280.101,391.676,0,-0.0519412,-0.332545,1018.66,-1103.73,1220.58
540.662,392.294,0,0.0795813,0.22222,222.509,197.583,274.561
15.0787,393.077,128,0,0,9999,0,9999
140.881,393.109,128,0,0,9999,0,9999
473.221,393.638,64,0,0,9999,0,9999
393.317,398.334,0,0.0851577,0.000244562,0.167924,-0.000102632,0.142289
407.595,394.303,0,-0.253797,-0.0958192,140.04,57.735,180.151
6.61376,394.338,0,0.104326,-0.196869,10.7709,-7.09202,67.1408
26.4569,394.983,0,-0.0928576,-0.708918,33.1912,10.3074,8.4678
10.9814,396.133,0,-0.418888,-0.288456,4.03216,-0.636626,2.97203
10.3691,397.802,0,-0.407633,-0.344624,4.31432,-0.850413,3.06184
108.1,400.569,0,0.171395,-0.1731,0.521654,-0.102277,0.573479
216.931,398.493,128,0,0,9999,0,9999
43.6034,399.279,0,-0.0484288,0.38914,293.017,-184.008,335.609
35.033,401.207,0,0.0976066,0.24646,5.38232,-2.3536,11.3987
11.6806,404.56,0,0.308753,0.259348,56.5882,-21.4095,48.4662
28.3157,409.015,0,-0.0525732,-0.0828872,1.48437,0.107379,1.43295
16.207,405.651,128,0,0,9999,0,9999
518.794,409.388,128,0,0,9999,0,9999
32.6273,411.205,0,-0.0424217,0.0391532,1.05806,-0.0844455,1.24805
187.211,408.459,0,-0.586669,-0.0177127,99.267,78.0638,119.09
518.065,411.037,128,0,0,9999,0,9999
410.605,413.654,0,-0.392192,-0.544005,13779.1,-3121.67,734.951
19.421,414.631,0,-0.336489,-0.153221,68.2122,-13.8236,43.5762
502.041,415.598,128,0,0,9999,0,9999
180.679,416.723,128,0,0,9999,0,9999
318.938,417.741,0,0.298611,0.143595,715.854,26.7235,13.4828
463.59,418.997,0,0.115272,0.0147643,7.90036,0.87416,14.8783
363.995,418.829,0,0.346726,-0.3704,818.24,-215.344,105.13
364.746,420.714,0,0.275261,-0.5459,190.023,28.3525,51.8792
172.801,420.93,0,0.215091,0.206403,14.8559,3.99628,6.3097
218.864,422.58,0,0.309291,0.01419,116.914,-33.8232,35.9809
210.862,422.674,0,0.268493,0.581274,58.789,-51.1916,135.791
19.997,423.652,0,0.339904,0.443185,32.7945,22.0934,22.0049
35.863,424.505,0,0.344268,0.531267,65.4489,-2.63974,14.6866
454.988,429.386,0,-0.0063157,-0.000624015,0.166526,-0.00641066,0.192492
442.508,428.709,0,-0.161479,0.139595,158.964,-24.0734,65.907
69.39,430.777,0,-0.243037,-0.187693,1.35077,0.527651,2.77703
319.596,430.95,0,-0.14819,-0.0157147,7.60556,1.7743,8.87551
496.894,430.464,0,-0.0548068,0.0255705,61.4197,-24.6368,37.8094
267.43,431.549,0,0.201846,0.0464645,1039.76,-1086.93,1169.42
233.7,435.491,0,0.00110853,0.00993445,0.262249,0.00455232,0.372883
22.5491,432.324,0,0.196737,-0.173358,4.70865,-2.61651,8.76678
70.3355,432.329,0,-0.271707,-0.177586,1.14186,0.560327,2.88081
403.534,432.64,0,0.325577,0.0330694,14.0626,-0.118933,179.914
108.062,433.528,0,-0.161972,0.0886416,418.838,13.3853,16.9361
444.35,435.469,0,0.33428,0.222504,219.297,-36.324,19.1321
479.242,435.691,0,0.123751,-0.121683,12.1389,-0.953029,14.4895
475.1,437.273,0,-0.104761,-0.16022,16.1785,-6.30753,9.1586
57.2046,439.344,64,0,0,9999,0,9999
435.345,440.057,0,-0.0034864,0.00416053,0.427204,0.0328913,0.437857
319.38,437.724,0,0.00475503,-0.207145,229.201,56.5575,184.14
56.9001,437.764,128,0,0,9999,0,9999
205.961,438.215,128,0,0,9999,0,9999
440.532,438.661,128,0,0,9999,0,9999
19.687,441.358,0,0.00105114,0.0615939,1.45614,0.124604,1.42441
220.531,441.536,0,5.39022e-05,-0.022644,0.434507,0.0237611,0.466205
464.94,440.902,0,0.344227,0.110921,12187.7,3829.06,1239.93
3.42241,441.072,128,0,0,9999,0,9999
12.5278,442.73,0,0.224375,-0.323507,20.3596,-3.18458,11.163
299.935,445.165,0,-0.367703,-0.31181,5.79771,-13.3381,68.7079
206.372,445.816,0,0.24405,0.137551,65.1796,-1.47864,45.7111
299.53,446.367,0,-0.310055,-0.457907,5.93477,-5.24251,25.4741
170.064,450.509,0,0.0066304,0.000491499,0.224854,-0.00387256,0.185851
347.004,461.516,0,-0.0561615,-0.000171663,0.00183276,-1.01051e-05,0.000952816
350.476,448.478,0,0.513288,-0.0927463,1.08589,0.00685759,0.923102
521.915,448.17,0,0.0447843,-0.0778802,28.8813,21.0167,269.085
391.784,448.71,0,-0.0799106,-0.202889,410.456,-21.34,154.657
269.13,449.053,0,-0.017809,0.0742214,58.1822,9.26318,94.3245
195.832,449.377,0,0.495781,0.0901461,21.8626,-32.0883,244.507
460.607,449.604,0,-0.126848,-0.134534,2581.77,1254.54,637.633
194.847,449.631,0,0.485629,-0.0140188,26.733,-70.9734,322.666
453.354,453.214,0,0.0017289,-0.0756619,9.96728,5.51541,11.3278
14.0732,451.275,0,-0.0481177,-0.358574,7953.83,-12171.1,19116.9
374.487,452.868,128,0,0,9999,0,9999
116.644,453.527,0,-0.0280017,-0.11982,42.9387,-24.087,21.6927
64.4579,453.835,0,0.209636,0.363808,323.643,96.9295,102.194
115.289,454.121,64,0,0,9999,0,9999
111.427,454.334,0,0.17017,0.0992461,22.8583,-6.14307,76.2537
103.885,456.338,0,-0.180699,-0.140682,777.274,-153.281,43.5061
380.263,456.341,128,0,0,9999,0,9999
433.323,464.308,0,0.354015,0.0666164,0.0456355,-0.000462746,0.0502583
429.57,467.329,128,0,0,9999,0,9999
442.093,466.363,0,-0.21602,0.365885,5.40429,2.93611,1.77805
280.098,462.259,0,-0.101137,-0.185562,14.8447,-18.9695,75.4529
29.595,459.918,128,0,0,9999,0,9999
367.7,460.655,0,0.129265,0.73634,35.1668,84.9777,213.092
83.9781,464.843,0,-0.0412066,0.0219658,0.483864,-0.056526,0.4096
17.7181,461.368,128,0,0,9999,0,9999
30.8475,461.865,128,0,0,9999,0,9999
388.751,468.72,0,-0.371606,-0.0445944,1.04297,-0.151028,1.16537
66.6833,468.015,0,-0.00252213,-0.0224025,0.152045,0.00642975,0.140853
40.5146,463.757,0,0.291996,0.203307,581.493,621.842,693.593
297.986,465.772,0,0.135013,0.36352,193.542,-21.439,38.523
218.406,466.584,0,-0.0205501,0.0781449,19.7127,2.29147,38.0235
320.32,469.271,0,-0.239426,0.195867,45.0805,-3.95087,177.024
255.303,474.541,0,0.00991275,0.00272897,0.104921,0.00265875,0.111943
412.017,469.822,0,-0.126776,-0.372217,81.4963,48.0808,55.3485
534.565,471.774,0,0.269232,0.389915,70.5912,-71.2402,287.6
52.4032,474.387,0,-0.0475443,-0.0331892,2.24313,0.12151,1.9349
397.03,473.407,0,0.0490638,0.413905,2123.9,-3534.64,6182.82
309.596,473.723,0,0.33338,0.0552696,11.5071,1.13873,17.3721
77.0016,485.309,0,-0.0389186,-0.000148742,0.00178146,5.9328e-06,0.00130005
544.323,486.203,0,-0.0053099,0.000231398,0.00604959,3.39074e-05,0.00597607
395.213,480.265,0,0.125224,-0.137879,0.570903,-0.0180341,0.351575
450.201,476.65,0,0.347064,0.0411773,1.84964,-0.0489622,3.42687
446.626,477.004,128,0,0,9999,0,9999
36.3007,477.536,0,0.0192785,-0.142577,104.418,-1.93457,27.7063
256.007,482.838,0,-0.0812597,-0.29764,2.31892,0.105931,1.6305
87.46,481.567,0,-0.0948502,0.247946,234.308,-30.1556,47.8223
533.193,481.853,0,-0.330334,-0.44999,127.273,219.049,406.947
396.665,692.28,0,-0.148922,0.000246953,0.000441045,6.30706e-07,5.35544e-05
500.631,489.334,128,0,0,9999,0,9999
164.905,496.708,0,-0.029824,-0.000222779,0.00181236,8.05903e-06,0.00157256
246.693,485.255,0,0.267159,0.0161889,165.988,-39.9445,21.1007
494.357,487.202,128,0,0,9999,0,9999
205.68,488.741,0,0.5346,0.238375,105.732,4.26022,18.6504
496.276,487.825,128,0,0,9999,0,9999
480.813,488.095,128,0,0,9999,0,9999
146.511,492.002,0,-0.00722813,-0.0133905,0.259535,0.00794252,0.221803
150.244,491.26,0,0.219167,-0.122721,4.99182,-1.3397,4.0578
93.3368,489.41,128,0,0,9999,0,9999
383.764,498.558,0,0.00125734,0.307216,0.0983549,0.00176742,0.0970934
340.961,497.696,0,0.038347,0.00425454,0.0309604,-0.00107646,0.0298531
446.985,493.568,128,0,0,9999,0,9999
143.283,627.172,0,-0.140053,-0.000264225,0.00092122,2.25485e-06,3.89951e-05
411.145,497.165,0,-0.306117,0.130397,64.6733,51.3298,53.6861
226.324,497.278,0,-0.189542,0.366238,47.5891,-54.9717,244.742
11.7011,497.553,0,-0.24764,-0.26307,20.7639,3.64269,16.1362
395.048,500.864,128,0,0,9999,0,9999
393.879,498.96,128,0,0,9999,0,9999
313.154,499.935,0,0.161885,0.194599,50.0182,-53.3195,102.374
519.037,499.916,0,0.130273,0.163904,598.329,-934.279,1720.51
180.941,501.976,0,0.144679,0.280511,52.4383,-3.53985,47.7036
362.57,502.313,2048,-0.0889317,0.447281,5995.28,3753.93,2371.23
416.858,503.118,0,-0.154479,-0.398642,10.4058,6.07922,13.6006
396.125,502.7,128,0,0,9999,0,9999
397.24,504.363,64,0,0,9999,0,9999
168.172,506.844,0,0.0108013,-0.00177727,0.409865,-0.0241617,0.362129
181.332,503.877,128,0,0,9999,0,9999
73.5491,509.822,0,0.00390483,-0.00724402,0.0389322,0.000815446,0.034865
64.715,505.659,128,0,0,9999,0,9999
176.253,512.541,0,-0.00222541,0.00220772,0.168158,-0.00494008,0.163642
67.6528,508.467,0,0.397434,0.266525,146.409,-78.8105,79.8868
540.448,508.804,0,-0.273393,-0.180669,39.5167,-8.09466,29.8947
37.53,511.777,128,0,0,9999,0,9999
427.586,512.571,0,0.085295,-0.278398,207.147,72.0095,74.1808
39.282,513.265,0,0.0103227,-0.791551,1.62533,-0.146802,1.2255
103.68,513.772,128,0,0,9999,0,9999
523.452,514.099,128,0,0,9999,0,9999
41.053,514.852,64,0,0,9999,0,9999
168.249,515.967,0,0.0957376,-0.168094,45.8706,6.70733,13.808
401.763,518.603,0,-0.297517,-0.0110437,12647.1,-12280.8,12216.9
71.2176,519.151,0,-0.510278,-0.271262,197.536,7.63774,34.2598
11.9225,519.882,0,-0.0395009,-0.100314,19.9484,-4.52127,16.2887
261.228,520.298,128,0,0,9999,0,9999
374.012,520.606,0,0.348179,0.254684,49.1478,-45.2373,126.156
251.605,526.586,0,0.00400302,0.00786182,0.0237903,-0.000250444,0.0240971
4.64983,522.555,128,0,0,9999,0,9999
106.55,523.527,128,0,0,9999,0,9999
108.338,525.209,128,0,0,9999,0,9999
164.263,525.512,0,0.155718,-0.0422413,196.788,546.894,3776.68
63.2151,525.323,128,0,0,9999,0,9999
387.056,525.982,0,0.044329,0.452114,1719.81,137.378,468.252
533.534,530.931,0,0.00425947,0.00193543,0.11349,-0.00215287,0.147324
10.8981,528.549,0,-0.134908,-0.160252,384.223,1659.03,7627.65
505.786,529.219,0,0.226102,0.179276,22.4444,-9.80057,14.8277
518.597,529.718,0,0.0300832,-0.205637,36.0376,-9.50569,106.615
83.5421,529.907,0,0.0182793,0.124226,102.833,39.5753,119.159
493.012,531.86,0,0.32824,0.156275,11.1756,3.43051,86.3467
404.328,533.601,0,-0.459408,-0.47509,28.4402,10.8389,10.2425
342.098,533.66,0,0.537534,0.344297,4.25842,-2.53304,5.02108
465.926,533.809,0,-0.180963,0.0828495,7.37792,-6.27974,45.4635
247.006,566.924,0,0.166256,-0.307978,41.0475,-17.7184,40.1486
58.6013,534.071,128,0,0,9999,0,9999
5.95517,543.821,0,0.115835,0.0123309,0.0304291,5.44684e-05,0.0186583
268.3,544.604,0,-0.066477,-0.14541,0.151063,0.278876,0.572123
269.257,543.108,0,0.38609,0.535,3.42827,-2.05859,1.81551
182.909,547.841,64,0,0,9999,0,9999
181.221,547.93,128,0,0,9999,0,9999
443.91,549.353,128,0,0,9999,0,9999
181.591,549.377,0,0.113968,-0.15197,1.36532,2.48436,6.27189
358.382,549.707,0,-0.665906,-0.334258,273.284,-29.2764,7.36898
441.461,550.592,128,0,0,9999,0,9999
208.51,550.641,0,0.637136,0.251006,48.0288,-5.56961,4.24796
439.533,551.559,128,0,0,9999,0,9999
418.821,552.882,0,-0.197709,-0.295642,16.0918,-8.80124,25.2743
285.871,587.48,0,0.0688787,0.0370035,168.016,81.1805,130.614
349.296,551.54,0,0.0319922,0.244429,44.3691,38.4772,247.751
57.9566,552.477,128,0,0,9999,0,9999
30.9042,552.35,0,0.306107,-0.0660856,8.03642,-3.25311,23.5522
15.2323,553.635,0,0.191226,0.00390806,5.12758,1.15321,10.7215
436.46,553.152,128,0,0,9999,0,9999
189.056,555.077,0,0.0769435,-0.0420757,9.58454,-1.09268,6.12678
434.827,553.959,128,0,0,9999,0,9999
274.396,554.04,128,0,0,9999,0,9999
209.541,554.71,0,-0.0828721,-0.396062,194.077,145.42,171.267
57.166,555.104,128,0,0,9999,0,9999
30.3045,555.79,128,0,0,9999,0,9999
24.1975,555.711,128,0,0,9999,0,9999
503.779,555.995,0,-0.238558,-0.143854,585.189,-119.731,38.6183
276.118,556.664,0,0.00254227,0.3452,42.2442,-2.77147,89.7795
389.248,557.723,0,0.10186,-0.0943825,27.1883,1.60189,84.475
53.5073,558.257,0,0.201181,-0.0129318,41.2442,-2.10284,6.33224
209.785,559.254,64,0,0,9999,0,9999
273.218,563.479,0,0.0109557,0.00132109,0.233047,0.0212739,0.255398
422.839,563.506,0,0.125477,0.121876,21.5619,17.1538,23.3785
70.1409,561.805,0,-0.0422727,0.0445381,24.6736,5.44506,21.3552
499.848,561.573,0,-0.0446814,0.515267,80.2381,31.6634,20.9703
97.1457,562.896,0,0.00728133,0.0315293,25.9054,30.5945,81.2198
295.645,565.564,0,-0.38978,0.37435,9.27473,0.673237,5.15815
422.177,565.186,0,0.101871,0.111048,12.9403,6.37224,12.0599
360.709,571.493,0,-0.01595,-0.0675562,0.480289,0.0115297,0.624252
57.6893,566.012,128,0,0,9999,0,9999
228.203,567.535,0,-0.484284,-0.21067,24.3108,2.35681,5.0244
440.856,566.479,128,0,0,9999,0,9999
504.854,567.902,0,0.49735,1.73937e-05,2853.31,1233.7,582.911
113.693,568.148,0,-0.110989,-0.227936,190.362,851.735,4062.19
321.219,569.325,0,0.162137,0.219913,4.99442,1.13246,2.51033
509.158,568.796,0,0.0847655,-0.0394066,56.7611,20.1673,47.9377
304.263,568.836,0,0.0451689,-0.0844598,116.771,-47.3815,70.1061
296.044,569.168,0,0.322069,0.0366699,177.484,29.2811,936.383
465.377,569.392,0,0.0574607,-0.154128,14.0813,-8.19958,17.206
503.699,569.724,0,0.0217864,-0.368263,95.4234,-1.01544,27.0071
49.8139,571.274,0,-0.296251,0.0553074,36.4512,6.00627,32.9121
344.75,573.35,0,-0.229669,-0.123843,114.412,152.875,449.929
268.392,574.663,0,-0.246782,0.0581568,9.81786,-14.7201,63.821
80.9752,574.744,128,0,0,9999,0,9999
426.889,574.876,0,-0.16946,0.230525,116.785,345.694,1351.66
543.507,576.901,0,-0.262554,-0.0915928,22.7382,-4.89528,12.3583
334.274,577.838,0,-0.362119,-0.293239,12.5317,-0.717934,12.7293
472.478,579.282,0,0.315358,-0.120257,85.1502,-80.4707,374.292
333.812,579.134,0,-0.339219,-0.32549,19.4097,-3.26996,9.10775
415.868,579.76,0,0.39819,0.38564,76.5199,97.3636,253.426
549.628,580.527,0,0.173037,0.421354,86.2222,60.1846,97.1013
270.111,587.431,0,0.0733953,-0.100117,2.51101,0.86561,1.70868
179.537,594.926,0,0.0326609,0.308717,0.0270187,0.00049903,0.0283509
490.917,585.932,0,0.0220211,-0.00404207,0.511168,-0.111302,0.435617
456.111,584.469,0,-0.000157634,0.126447,7.46872,0.403384,4.79022
25.6958,591.6,0,-0.00495517,0.00431979,0.0158474,0.000643489,0.0159455
36.5901,589.478,0,0.00640107,0.00450051,0.14775,0.0131126,0.151211
236.738,629.221,0,-0.401739,0.00162729,0.00244467,-6.69936e-05,0.000100388
88.8324,586.013,0,0.314548,0.261792,149.21,20.7729,59.2941
552.007,588.9,0,-9999,0,9999,0,9999
509.811,605.443,0,0.816703,0.256161,0.023072,0.00411418,0.022451
324.092,591.578,0,-0.0126539,0.00557413,0.0536175,-9.6798e-06,0.0590072
336.49,587.223,0,-0.0890754,-0.255708,17.9969,-3.69162,54.9295
276.429,587.628,0,0.148363,0.54994,20.4406,-14.6938,33.6218
162.954,587.912,0,0.210865,0.173292,224.814,281.846,833.815
515.147,589.575,0,0.225514,0.0926804,0.814313,0.0942546,0.905151
450.333,590.055,0,-0.257817,-0.381597,22.3266,-17.4549,25.3107
488.927,592.618,0,-0.424671,0.180123,2.47965,0.886967,7.95415
100.334,597.675,0,-0.452267,-0.173877,4.40317,-22.7737,122.047
279.437,594.127,0,-0.00750391,-0.142351,33.1412,67.6464,329.569
105.736,598.493,0,0.00931659,0.00822172,0.176015,0.0150628,0.154121
414.914,595.879,0,-0.101061,0.133329,78.4068,-425.127,2975.28
305.88,595.499,0,-0.225781,-0.511651,11.7449,-8.52607,9.26395
304.949,596.84,0,-0.311411,-0.425951,8.1201,-5.2931,4.84086
304.309,598.263,0,-0.477044,-0.319977,14.4378,-6.11798,5.22083
290.396,598.687,0,0.346436,0.0344484,157.472,101.734,760.323
230.792,599.716,128,0,0,9999,0,9999
228.601,600.48,128,0,0,9999,0,9999
42.92,601.914,0,-0.130133,0.250524,0.324034,-0.104001,0.380071
43.835,603.161,128,0,0,9999,0,9999
120.442,601.244,0,-0.151703,0.434313,53.3453,13.7153,23.2359
366.266,602.405,0,0.0289327,0.362955,7.47949,-0.877053,9.29439
90.5707,603.401,0,0.15533,0.127537,9.2863,2.44647,7.14526
327.834,604.992,0,-0.226159,-0.454626,2.19263,-0.833275,1.80761
248.925,603.053,0,-0.540815,-0.409184,5.2996,-1.40197,2.33503
227.446,603.347,128,0,0,9999,0,9999
52.4599,603.928,0,-0.18836,0.0428286,103.022,62.3783,77.0102
272.098,604.147,0,0.130742,0.351621,274.728,-16.4973,129.417
80.6055,606.839,0,0.410917,-0.186543,32.3692,0.117644,52.9451
196.969,608.494,0,-0.228118,0.140502,14.9337,-2.41152,52.5817
90.852,609.706,0,0.572957,-0.151429,401.329,9.50795,50.3474
170.713,621.524,0,-0.0048778,0.0033116,0.0184603,0.000553085,0.0183319
31.0379,620.563,0,-0.606837,-0.681395,0.000395876,5.14179e-05,0.000243552
42.2213,620.293,0,0.0305591,-0.0904893,913.144,166.114,104.453
246.178,620.247,128,0,0,9999,0,9999
453.465,621.599,0,-0.254309,-0.100072,19.4541,1.97295,10.6104
243.493,622.571,0,0.217083,0.264048,55.8131,67.6727,100.055
453.813,623.049,0,-0.206266,0.179862,6.64334,1.38612,9.63592
327.202,624.478,0,0.200101,-0.0557329,56.2317,-111.319,460.771
482.363,624.421,0,0.155427,-0.617403,57.1676,-1.89471,40.3573
171.342,635.056,0,0.284787,-0.834679,0.424088,0.268615,0.415507
113.489,625.201,0,-0.42888,-0.290337,267.596,-120.9,218.689
224.509,626.808,0,0.0959178,0.0813949,5.35698,1.23881,5.51774
552.15,627.61,0,-9999,0,9999,0,9999
374.328,628.093,0,-0.106613,0.272894,135.78,-160.192,240.207
470.2,628.155,0,-0.049537,-0.0705257,58.3434,-15.9205,76.6039
456.535,629.022,0,-0.276501,-0.476268,3.18285,0.201539,8.74814
32.6487,647.533,0,0.333002,-0.0347102,65.5926,2.22327,29.2695
551.988,629.605,0,-9999,0,9999,0,9999
430.977,631.006,0,-0.164455,0.084441,154.828,-28.575,110.573
399.692,634.489,0,-0.119162,0.160337,1.10467,-0.00472997,0.834734
165.198,631.724,64,0,0,9999,0,9999
532.454,632.429,0,0.0153193,0.152837,3763.04,2098.72,1463.96
166.624,632.583,64,0,0,9999,0,9999
167.847,633.231,128,0,0,9999,0,9999
308.413,633.107,128,0,0,9999,0,9999
309.695,633.679,64,0,0,9999,0,9999
332.119,633.893,128,0,0,9999,0,9999
33.605,634.74,0,-0.248073,0.0188196,12.8476,-5.33093,24.4139
488.244,638.005,0,-0.476585,-0.00651149,45.6359,15.6821,232.061
166.94,639.808,0,-0.248716,0.200049,4.97008,-0.291497,6.2433
312.414,638.585,0,-0.155607,0.0715351,97.6497,4.91298,18.8507
298.469,639.803,0,-0.0959752,-0.0841222,304.158,-139.562,196.464
35.6983,639.911,0,-0.171156,0.1234,126.162,-6.68325,18.7619
274.552,642.7,0,0.0673041,0.0197033,5.20858,1.5765,6.05164
223.355,642.23,0,-0.207925,-0.0268424,6.50489,-2.9627,16.8402
389.988,662.615,0,-0.0671949,-0.00120119,0.00181771,3.16843e-05,0.00084089
336.423,643.137,0,-0.44159,-0.615184,6.14064,-3.45471,5.80519
160.176,643.837,128,0,0,9999,0,9999
9.5661,645.64,0,0.103212,-0.199844,102.421,231.57,614.119
312.701,645.044,0,0.102938,-0.0514117,16.8291,2.36417,16.0779
161.517,645.408,0,-0.186165,-0.661305,5.48059,0.06197,9.72909
335.672,645.411,128,0,0,9999,0,9999
350.009,647.271,0,0.124949,0.179508,3.60298,0.302067,5.2209
91.2681,648.667,0,0.198347,0.348002,64.0005,-38.2697,38.2753
420.995,648.737,0,-0.692329,-0.109627,122.262,-132.005,153.244
68.0697,649.393,0,-0.394383,-0.422636,20.0121,-2.43019,14.0109
431.052,649.542,0,-0.0216353,0.102458,44.7256,1.22243,74.2932
331.028,652.274,0,0.124087,0.023153,0.274162,0.0445518,0.214977
25.0752,660.712,0,-0.00233229,-0.00363032,0.0062346,3.12336e-05,0.00596636
549.096,650.192,0,0.274115,-0.171719,189.623,-102.057,382.417
314.148,651.872,0,-0.0729802,0.0649024,55.9963,-38.8903,114.501
18.2379,653.187,0,0.160173,-0.154007,336.894,43.1106,107.365
230.835,654.712,0,-0.024312,-0.27152,12.8154,10.3898,30.3996
421.054,658.241,0,-0.23348,-0.237739,6.60538,1.86925,11.127
126.821,657.501,0,-0.0198527,0.226433,3361.92,4714.2,6744.76
76.4737,658.047,0,0.400485,-0.233291,67.1216,-13.4745,46.0926
314.628,661.543,0,0.00130035,-0.00821601,0.357682,-0.0320357,0.367228
548.108,661.095,128,0,0,9999,0,9999
547.417,662.054,128,0,0,9999,0,9999
105.212,667.794,0,0.0128792,0.00956343,0.036368,0.000126113,0.036034
267.766,671.476,0,-0.00138046,-5.21214e-05,0.0167484,-0.000245635,0.0171312
239.974,667.902,0,-0.0433863,0.20899,15.085,0.128048,23.2964
529.983,667.332,0,-0.382672,-0.266787,2420.42,-8502.22,33664.8
187.824,668.612,0,0.342548,0.204538,275.206,-9.08237,50.9092
504.776,668.685,0,0.11401,0.172002,191.22,-86.0497,82.5264
97.1398,670.132,0,-0.412432,0.1379,28.1104,10.4071,324.065
337.441,677.209,0,-0.0039022,-0.00143063,0.0668379,0.00107265,0.0683539
301.855,673.799,0,-0.0251045,-0.0384099,5.98723,-0.654916,4.58982
527.28,673.026,128,0,0,9999,0,9999
529.716,674.565,0,0.299314,-0.163694,70.1039,-56.748,84.999
432.71,677.109,0,-0.214819,0.286631,3057.51,-551.829,183.029
452.696,682.169,128,0,0,9999,0,9999
349.801,698.544,0,-0.101042,-0.0654882,0.0861334,0.00375299,0.0853519
222.837,679.895,0,0.190853,-0.0408789,62.6988,2.67528,8.33629
197.446,678.993,0,0.401663,0.386829,71.0579,-105.068,185.84
159.332,679.474,0,-0.168374,-0.0298599,94.6052,22.4104,175.831
134.169,684.026,0,0.0215504,0.0427012,0.427326,0.0287446,0.4511
382.957,682.984,0,0.101704,-0.292341,44.029,-6.75281,178.049
450.36,683.438,0,-0.259794,-0.105414,3.01365,1.71787,2.09867
186.797,693.63,0,-0.000237241,0.00092569,0.00359605,7.18251e-05,0.00356422
177.162,684.812,128,0,0,9999,0,9999
449.156,686.605,0,0.0649844,-0.103547,12344.3,13648.2,15153.7
431.436,687.922,128,0,0,9999,0,9999
429.073,687.874,128,0,0,9999,0,9999
361.387,688.252,0,0.229625,0.320076,25.2615,19.2135,100.684
29.7583,688.608,0,-0.45472,0.56364,55.8056,8.29706,10.8287
413.335,688.586,0,0.0173751,0.104124,248.806,-748.875,2886.53
35.3446,705.283,0,0.0488194,-0.104499,0.0427987,-0.00156021,0.0400205
176.179,690.668,0,0.00558709,-0.345674,184.737,-108.681,157.928
206.097,691.783,0,0.0658137,0.175432,98.6659,165.003,1101.8
538.542,692.088,0,0.0947631,-0.221621,16.6145,-7.51287,86.4129
259.9,692.38,128,0,0,9999,0,9999
258.5,694.529,128,0,0,9999,0,9999
476.65,692.245,0,0.355624,0.133177,12.8566,2.80508,22.2103
261.618,692.801,128,0,0,9999,0,9999
29.696,693.868,0,-0.0942498,0.123632,6.7509,7.28981,21.5806
414.669,694.119,0,-0.169683,0.0424265,367.294,561.959,1300.71
520.633,694.645,128,0,0,9999,0,9999
503.852,696.179,0,-0.264567,-0.496824,2738.84,4095.28,6311.89
309.982,696.616,128,0,0,9999,0,9999
8.46172,697.278,128,0,0,9999,0,9999
552.115,697.24,0,-9999,0,9999,0,9999
210.726,697.399,0,0.00533708,0.479889,83.373,44.6765,56.2179
63.1787,700.982,0,-0.0346255,0.0106842,0.552854,-0.121839,0.48649
146.73,699.654,0,-0.0198341,0.263811,4.31657,0.667202,0.233241
7.47141,699.071,128,0,0,9999,0,9999
149.463,699.222,128,0,0,9999,0,9999
5.9855,699.827,64,0,0,9999,0,9999
460.607,704.033,0,-0.0747318,0.0569761,0.869588,0.00696752,1.1939
332.805,703.091,0,0.0171444,-0.0112575,1.10927,-0.0172487,1.10594
181.387,702.921,0,0.309361,-0.130138,361.41,-113.021,252.005
353.325,702.203,0,0.00283403,-0.291357,19.5078,-10.2546,59.9371
431.614,703.688,0,0.142113,-0.16933,22.7027,-9.08399,28.6702
161.539,704.174,128,0,0,9999,0,9999
293.001,704.886,0,0.590955,0.246838,110,8.09101,19.3083
405.248,707.235,0,-0.0147076,-0.211655,137.882,-15.8536,190.1
371.134,708.85,0,0.317597,0.185347,95.3165,-26.2464,35.8169
533.228,710.327,0,-0.311604,-0.186675,18.102,-2.53269,21.1143
506.42,714.49,0,0.00362573,0.00497878,0.0644188,0.000418142,0.0515199
461.946,719.771,0,-0.00253304,0.00489757,0.00673152,-0.000110186,0.00661634
427.559,714.093,0,-0.486861,0.120876,3.12062,-0.904091,12.2633
486.062,718.538,0,0.0146009,0.0592799,0.46491,0.0461086,0.476314
273.197,716.394,0,-0.306114,0.0787121,2.13234,-0.452385,1.29163
25.1946,714.158,0,-0.281461,0.256882,52.1879,28.0732,31.0532
454.38,714.164,0,-0.310197,0.151882,43209.2,-18925,8318.63
153.024,715.921,0,-0.078862,0.121869,17.715,-7.54467,12.4333
247.375,715.921,0,0.0449256,0.291754,12.2553,4.45409,18.5275
206.565,716.804,0,-0.0277012,-0.201222,131.673,213.246,601.954
290.185,721.313,0,0.143295,-0.341035,0.717417,-0.0516969,0.525776
91.4603,717.827,0,0.113681,0.294752,32.5805,11.1476,29.3905
500.159,723.408,0,0.439183,-0.187856,4.4883,10.3091,67.9875
336.749,723.622,0,-0.00937853,0.010066,0.113583,0.00234179,0.0969309
432.851,721.37,0,0.0333753,0.081975,7.96159,-0.881683,4.17239
277.061,722.504,0,0.0166691,-0.0567904,3.95935,-0.415109,9.23894
485.83,722.574,64,0,0,9999,0,9999
167.625,727.952,0,-0.00204107,-0.00517484,0.0984394,0.00298959,0.120655
378.167,723.808,0,-0.168278,-0.0715878,40.7149,16.2124,161.59
501.744,727.226,0,-0.429557,0.0648572,110.739,-140.788,240.278
35.9508,732.056,0,-0.00137436,0.00428482,0.0398639,-0.00116207,0.042055
514.174,727.707,0,-0.205406,0.00156669,743.909,-484.846,450.2
463.682,728.233,128,0,0,9999,0,9999
341.655,729.551,0,-0.176035,-0.141017,222.894,288.986,571.758
290.088,730.442,0,-0.243976,0.0631025,185.192,103.58,196.578
193.571,734.751,0,-0.000873416,0.00995341,0.147248,-0.00707533,0.175268
69.1308,735.545,0,0.0669384,0.00318671,0.0796864,-0.00149979,0.107763
95.8287,737.192,0,0.00812262,-0.0136262,0.181384,-0.00783215,0.183275
414.488,734.225,0,-0.263178,0.0490784,4405.61,4946.05,5599.76
472.522,733.998,0,-0.262884,-0.341858,21.5737,5.89731,18.8696
4.68237,737.065,128,0,0,9999,0,9999
240.136,738.129,64,0,0,9999,0,9999
220.429,738.574,0,-0.275356,-0.285516,74.3072,-18.067,54.9715
269.86,740.146,128,0,0,9999,0,9999
418.732,740.85,128,0,0,9999,0,9999
230.261,741.582,128,0,0,9999,0,9999
486.205,743.288,128,0,0,9999,0,9999
519.704,746.253,0,-0.103518,-0.00470849,6.2037,0.224107,2.01389
17.7303,745.157,0,-0.0409659,-0.362587,240.779,-114.012,110.727
153.306,745.724,0,0.0653062,0.171015,1522.01,482.473,239.972
43.4986,750.195,128,0,0,9999,0,9999
455.22,754.016,2048,0,0,0.183109,-0.00657028,0.746812
223.744,754.834,0,-0.00142813,-0.00115194,0.0353236,0.00168547,0.0357506
43.9034,752.285,128,0,0,9999,0,9999
363.134,752.603,128,0,0,9999,0,9999
119.219,760.409,0,-0.101334,0.130748,0.212185,-0.0480597,0.258781
102.542,753.068,0,-0.458992,-0.170691,62.2672,-51.4431,62.0318
43.4813,754.645,128,0,0,9999,0,9999
453.106,758.384,64,0,0,9999,0,9999
352.728,754.634,0,0.215467,-0.149286,354.247,11.8768,58.174
453.657,754.574,0,-0.3951,-0.688587,16.7834,-14.3908,12.5046
84.1207,755.384,0,-0.513384,-0.126908,4.30609,-0.993205,6.26736
183.644,755.93,0,-0.0453677,-0.0568341,112.888,-45.6427,74.4508
64.2019,756.24,0,0.333835,0.543236,294.181,-13.4014,17.9144
42.4837,756.608,128,0,0,9999,0,9999
83.9749,756.543,0,-0.526492,-0.153369,4.46422,0.637109,4.16138
40.3601,756.969,128,0,0,9999,0,9999
152.374,764.162,0,-0.00323057,-0.000948336,0.0249132,-0.000295807,0.0286435
64.9531,758.16,128,0,0,9999,0,9999
63.5896,758.43,64,0,0,9999,0,9999
196.929,759.453,128,0,0,9999,0,9999
255.902,763.463,0,-0.0331501,0.0959179,0.0956777,0.0203038,0.0710064
453.649,760.012,64,0,0,9999,0,9999
228.789,766.643,0,0.00268983,0.00269297,0.0154386,0.000460306,0.0157024
259.742,760.82,128,0,0,9999,0,9999
166.344,762.526,0,0.205794,-0.0749917,2.41944,-0.0242649,3.68486
257.538,761.578,128,0,0,9999,0,9999
461.786,761.948,0,0.0284835,0.0604866,40.4718,25.0487,32.6899
388.487,767.985,0,-0.0296915,0.454287,6.9025,-0.0413909,0.259602
551.575,840.267,0,-9999,0,9999,0,9999
443.788,765.31,0,-0.332615,-0.607203,6.82655,-2.79274,4.03195
253.997,764.365,0,-0.0552117,0.658028,49.1082,-25.6422,15.8617
301.209,766.422,0,-0.183366,-0.179651,8.91034,2.3317,6.15805
230.824,771.976,0,-0.103623,-0.47725,1.50306,-0.16691,0.370318
183.108,765.372,0,-0.257234,0.530541,164.042,5.32688,113.451
163.793,772.224,0,0.00335728,-0.000194357,0.0260641,-0.000392445,0.0239583
100.272,767.445,0,0.0443154,0.293202,26.9142,12.4016,22.8567
362.472,768.579,0,0.194461,-0.260208,1585.01,-824.048,488.087
433.874,770.283,0,-0.120677,0.0413806,30.4955,20.4889,39.4447
208.862,772.351,0,-0.0110967,0.0138289,1.44654,0.113927,1.97428
31.1183,770.207,0,-0.0886296,0.260773,35.9722,20.264,356.092
9.94672,771.171,128,0,0,9999,0,9999
12.7397,795.976,0,-0.670126,0.207189,10.1687,-4.934,19.1961
108.787,773.612,0,-0.0466472,-0.0475341,10.8606,-6.19299,10.3644
547.927,778.958,0,-0.00818882,-0.0063152,0.0153075,-8.61568e-05,0.0151047
59.4408,773.447,128,0,0,9999,0,9999
466.282,773.553,0,-0.274684,0.155998,39.6287,16.7415,32.1882
269.551,773.699,0,-0.190957,0.138543,13.1666,0.860371,43.0545
58.6354,774.703,128,0,0,9999,0,9999
249.573,780.813,0,-0.00962186,0.00631442,0.179304,-0.00208253,0.191197
133.671,776.928,0,-0.242004,0.0215197,5825.97,7391.25,9861.33
489.216,782.571,0,0.00188431,0.014525,0.380795,0.0106878,0.351982
84.3853,779.055,0,0.0808458,0.0129529,68.6907,-7.2882,80.4166
407.489,782.298,0,0.0489,0.440956,7.21709,0.852621,5.45224
218.851,780.894,0,-0.342666,0.0760834,58.2757,26.4084,61.6422
32.2723,781.623,0,0.536643,0.275694,11.7792,53.0958,358.394
293.682,782.187,128,0,0,9999,0,9999
196.634,787.398,0,0.00168243,-0.00469377,0.0506948,0.000461247,0.0563189
232.2,784.35,64,0,0,9999,0,9999
332.861,785.46,128,0,0,9999,0,9999
71.6531,786.677,0,-0.0295709,0.226465,210.323,-13.5905,19.682
44.5289,795.461,0,0.00982431,-0.390858,48.7155,4.00487,0.347513
523.095,790.949,0,-0.291992,0.0888606,2.40645,0.208324,2.88791
85.7158,787.139,0,0.0217015,-0.24614,73.9087,47.6719,68.9642
190.361,809.166,0,-0.233641,-0.0819326,2655.44,-215.922,93.8125
2.72165,789.286,0,-9999,0,9999,0,9999
90.9476,791.019,0,0.431937,-0.434677,179.722,13.1545,49.4879
476.537,793.616,0,0.218224,-0.397683,52.7432,-15.0004,8.92768
134.365,812.125,0,-0.470353,0.333976,52.1992,0.719542,44.0525
229.293,795.479,0,0.347146,0.0438145,2281.37,-363.977,93.6568
56.9149,795.609,128,0,0,9999,0,9999
4.32213,795.82,128,0,0,9999,0,9999
405.316,800.728,0,-0.320371,-0.403419,2.57901,-2.05117,9.87501
224.484,798.628,0,-0.471656,-0.283818,991.849,-2112.39,4680.3
121.178,799.286,0,-0.331781,0.120238,4.91881,1.49072,4.45312
549.869,799.322,0,-9999,0,9999,0,9999
283.711,801.846,128,0,0,9999,0,9999
121.23,802.165,0,-0.378674,0.147594,5.40977,0.521135,3.19921
282.423,803.38,128,0,0,9999,0,9999
478.629,804.991,0,0.00508851,-0.0919175,132.139,-21.2373,19.7772
21.2979,804.211,0,-0.135969,0.0667105,6.61309,1.96183,7.4945
459.632,813.653,0,-0.0112546,0.0022335,0.00669936,6.35481e-05,0.00708636
306.248,808.261,0,-0.0333532,-0.00225176,0.278718,-0.0293786,0.26033
265.026,806.158,128,0,0,9999,0,9999
474.287,809.271,0,-0.218068,0.131423,6.99104,0.121314,13.2864
93.1219,809.76,128,0,0,9999,0,9999
521.937,811.148,0,0.197847,0.196644,2.24968,-0.255912,1.92734
15.3625,809.978,0,0.18836,0.250283,285.997,-7.93978,21.7299
123.316,811.21,0,0.364215,-0.000263685,8.3924,5.29351,20.1701
275.395,814.552,0,0.00615271,0.0170427,0.788923,0.0341589,0.722871
217.74,811.445,0,0.212304,0.202486,45.4654,-23.772,76.7897
258.121,813.27,0,-0.394429,0.259332,1466.9,1358.93,1291.35
312.363,813.075,0,-0.084777,-0.4891,93.5426,22.0095,60.6229
372.713,819.18,0,-0.0188172,0.00603862,0.0618903,-0.00228502,0.0606676
325.922,814.787,0,0.258193,0.35308,230.72,-185.873,204.322
96.4886,819.242,128,0,0,9999,0,9999
374.231,832.318,0,-0.0577236,0.000762383,0.00168429,2.20924e-05,0.000817479
98.7074,816.261,0,0.013706,-0.103677,2492.3,1456.48,993.607
92.7812,816.539,128,0,0,9999,0,9999
119.309,817.144,0,0.0514557,0.177991,53.419,41.5156,67.2944
115.394,830.388,0,0.0191313,0.239615,1.57109,0.183129,1.22443
390.631,817.069,0,-0.0474187,0.255874,68.5675,21.6811,49.441
45.6516,821.591,0,-0.00372102,0.00151599,0.219231,7.27469e-05,0.218174
94.6148,817.879,128,0,0,9999,0,9999
144.168,822.712,0,0.111197,-0.0509804,1.00741,-0.0902427,1.43204
2.20466,819.685,0,-9999,0,9999,0,9999
364.573,823.643,0,-0.0277602,-0.0199939,0.351182,0.0179359,0.303779
275.721,825.036,0,-0.00644761,0.0100259,0.137792,-0.00193756,0.124229
19.6747,820.787,0,0.271604,0.0119325,98.4577,-29.0717,404.994
226.712,820.973,0,0.0769667,-0.0590855,15.2697,-2.13433,12.8282
99.3576,821.345,128,0,0,9999,0,9999
115.265,822.153,0,0.147535,-0.309965,10.2085,19.6308,294.705
165.635,822.434,0,-0.0438643,0.00332281,12.1014,-0.0707804,10.7807
105.077,828.668,0,-0.000634933,0.00146403,0.0104193,-1.74569e-05,0.0103582
541.288,823.846,0,-0.0560947,-0.395355,2.3589,-0.58757,4.45403
446.98,823.865,0,-0.000113347,-0.00664013,13.5252,-3.87183,40.0061
426.846,829.718,0,0.0456697,0.0935393,0.486517,-0.0374232,0.510307
539.76,825.771,128,0,0,9999,0,9999
444.085,827.015,0,-0.257436,0.0634849,119.595,158.062,279.701
496.843,827.213,128,0,0,9999,0,9999
60.4922,827.35,64,0,0,9999,0,9999
236.89,846.423,0,0.226191,-0.210509,96.1464,69.1591,75.9367
404.449,827.688,0,0.0258811,0.0775136,12.258,1.34844,13.8048
479.852,828.873,0,0.0874893,0.0652237,6.54271,1.7798,5.88287
57.9844,828.579,128,0,0,9999,0,9999
56.7702,830.061,128,0,0,9999,0,9999
202.85,829.386,0,-0.119467,0.447763,424.673,275.26,288.681
381.583,844.058,0,-0.067029,0.00233547,0.00187265,-2.26707e-05,0.000872083
544.047,838.49,0,0.100573,-0.239025,26.8637,-5.62311,36.3976
83.5437,834.935,0,-0.00121281,0.00168037,0.0710748,0.000409685,0.0744438
56.8515,831.67,128,0,0,9999,0,9999
96.6495,834.894,0,0.0482469,0.100124,0.458063,-0.0127834,0.429678
414.134,833.625,0,-0.0388391,-0.0038507,22.8942,-13.1989,18.0135
116.847,836.031,0,-0.00479293,0.0279739,0.351072,-0.0299532,0.343222
468.968,835.329,0,-0.336692,0.267951,1.4225,-0.241659,1.23594
530.191,856.815,0,0.0272355,0.514304,0.781314,0.0653304,0.62377
296.927,1105.17,0,-9999,0,9999,0,9999
155.414,1105.24,0,-9999,0,9999,0,9999
135.787,1102.47,0,0.00457254,0.00299883,0.00626354,-0.000103335,0.00614992
135.517,1099.28,0,-0.00605516,-0.00309372,0.0426291,-0.00138937,0.0361926
487.088,1104.18,0,-9999,0,9999,0,9999
464.03,1102.91,0,-9999,0,9999,0,9999
69.036,1101.08,64,0,0,9999,0,9999
74.4533,1102.76,128,0,0,9999,0,9999
71.7633,1103.65,0,-9999,0,9999,0,9999
69.2067,1102.8,0,-9999,0,9999,0,9999
373.842,1102.28,0,0.125394,0.122903,20269,-7500.43,2808.14
168.372,1091.06,128,0,0,9999,0,9999
425.107,1087.66,0,0.047312,-0.090397,228.656,150.879,349.305
423.851,1003.45,0,0.367996,-0.169503,221.408,-42.9567,26.9057
301.425,1074.1,128,0,0,9999,0,9999
332.068,1056.38,0,-0.565518,-0.236419,20.736,-9.89988,29.5438
315.379,1042.46,0,-0.0757763,0.252804,156.977,-581.076,4761.88
287.099,1002.96,0,-0.0239001,-0.377249,106.723,62.8429,69.9402
198.345,1018.01,0,-0.383539,0.265954,33.3166,3.04724,68.841
148.444,1054.3,128,0,0,9999,0,9999
145.315,1054.99,0,0.0246138,0.24374,18.3382,-4.65976,13.1974
132.353,1024.59,128,0,0,9999,0,9999
286.413,1003.48,0,-0.0853925,-0.480156,11888.8,7847.07,5224.62
97.4165,1017.5,0,-0.101488,0.0576443,77.4895,-48.7972,165.771
113.496,923.959,0,0.294023,-0.182864,1345.56,-160.644,80.06
245.768,1054.23,0,-0.0137844,-0.10255,6.06898,-1.32174,5.1511
384.917,1011.47,0,-0.225527,0.25581,482.182,-947.888,1890.9
518.818,1076.03,0,0.00496995,-0.0139157,0.153672,0.00525809,0.163472
261.814,1051.08,0,0.138752,0.422261,41.5455,20.4808,65.3491
161.932,1018.35,0,-0.0195444,0.00935698,0.16786,0.00031983,0.181686
343.319,1015.34,0,0.0187989,-0.000681451,0.165355,-0.00174929,0.136648
150.398,1024.11,0,0.062608,-0.147304,4.24659,-0.147156,4.17765
462.583,1064.15,0,0.00162954,-0.000350157,0.0660422,0.00282375,0.0671035
2.35453,1008.42,0,-9999,0,9999,0,9999
506.582,1024.47,0,-0.0646307,0.254406,1152.12,75.4563,45.9306
2.75557,955.579,0,-9999,0,9999,0,9999
171.209,983.858,0,0.0442882,-0.0252715,48.4275,9.38968,28.6987
240.832,949.344,0,-0.00243093,0.00186816,0.0530706,-0.00253907,0.0539653
490.836,1005.72,0,0.183264,-0.0307299,471.928,-76.1912,68.5002
71.5384,974.052,0,0.181678,-0.0638631,36.5205,19.2647,33.1987
258.854,986.993,128,0,0,9999,0,9999
32.5412,975.731,0,0.0157391,-0.466758,6.69094,-0.88497,4.73069
401.379,1013.82,0,-0.24135,-0.188065,64.5252,3.55378,35.198
129.922,994.677,0,-0.542721,-0.288649,31.5365,-19.4955,22.0108
190.453,1007.88,0,-0.371566,0.30784,1814.83,2958.07,4970.35
412.314,1019.2,0,0.0627014,0.422438,85.7273,93.6862,115.582
433.871,1002.15,0,-0.0207652,0.00031047,0.0881517,0.00563126,0.0848646
227.95,985.419,0,0.0542129,-0.0538693,44.5916,11.307,14.6035
464.003,1032.97,0,-0.00390278,-0.534122,15.3565,18.2236,61.6901
473.175,959.55,0,-0.22729,0.295084,63.1077,-74.9027,172.276
153.755,1005,0,-0.145741,-0.172029,55.0648,52.6741,65.0801
417.172,991.769,0,0.401516,-0.0265168,0.0279347,0.0379662,0.443177
437.243,990.857,0,-0.0234052,0.0129862,0.421565,0.0277271,0.397651
407.084,1006.83,0,0.0511142,-0.26365,3.66813,1.44208,4.11857
500.191,964.618,0,0.533338,-0.160579,142.471,-14.5968,32.2035
393.447,1003.18,0,-0.301956,-0.251892,119.442,9.17749,94.5095
496.471,1001,0,0.165411,-0.217173,0.0342082,-0.00148876,0.0331112
377.328,985.306,0,0.117647,0.0179998,0.649617,-0.0497572,0.707176
91.1334,965.998,128,0,0,9999,0,9999
447.711,955.954,0,0.144,-0.309776,305.133,-1348.61,6184.66
320.072,997.345,128,0,0,9999,0,9999
153.05,1055.6,0,-0.611511,0.0568932,53.8773,193.801,949.815
401.131,993.111,0,0.069399,0.145703,0.924036,0.057739,0.92997
114.253,979.938,128,0,0,9999,0,9999
281.861,994.251,0,-0.313627,0.259429,137.878,39.033,135.605
136.946,993.905,0,-0.00130521,0.00162627,0.00576111,3.67314e-05,0.00583619
380.94,1053.33,0,0.00674448,0.0977924,9.04186,-1.28368,15.3594
264.657,1044.41,0,-0.309309,0.11622,76.8315,-40.3736,71.4279
118.319,1051.32,0,-0.0912093,-0.0277027,0.29375,0.0185708,0.343468
34.2978,948.496,0,0.0218866,0.0847708,49.8651,3.0005,12.1121
499.108,1049.76,0,-0.114086,0.0262427,10.6925,0.824187,0.245897
199.271,970.488,0,-0.0226211,-0.0654098,0.737253,-0.000237789,0.688652
541.023,969.351,0,0.0597236,0.482247,49.8427,-2.71537,1.13766
35.1818,950.268,0,0.207498,0.139318,463.565,-932.705,2439.52
33.5756,931.26,0,-0.00985647,0.00535524,0.260889,-0.00230663,0.297273
423.465,985.068,0,-0.00446904,0.00344199,0.41908,-0.0126493,0.363902
231.628,990.725,0,0.193459,-0.0910845,75.6305,-127.088,823.632
32.1611,989.056,0,-0.0273762,0.00879245,0.259184,-0.000640001,0.292508
267.86,941.963,0,0.00259328,-0.00900385,0.0655635,0.000867456,0.067617
43.9179,979.142,0,-0.116397,0.49666,149.72,2968.88,63158.2
399.452,985.589,0,-0.00794889,0.000741773,0.337306,0.0221829,0.480289
75.6535,990.941,0,0.173242,-0.401694,23.0346,-7.56698,61.5653
445.287,981.874,0,0.0189357,0.385931,97.6963,25.4591,172.073
446.553,976.86,128,0,0,9999,0,9999
154.469,981.65,0,-0.0627469,0.001859,0.00161381,-5.31248e-06,0.000776451
271.909,978.129,128,0,0,9999,0,9999
209.196,977.94,0,0.00971206,-0.27108,8.96398,0.531804,9.53393
446.407,978.353,128,0,0,9999,0,9999
14.9334,938.355,128,0,0,9999,0,9999
119.077,959.591,0,-0.212408,-0.0686012,88.502,77.3164,133.122
55.7798,978.224,0,-0.208674,0.0917367,11.7494,7.99899,27.9062
29.8585,957.839,0,0.0172536,0.214046,44.7978,-11.7361,16.7633
460.833,973.004,0,0.0299672,0.3894,25.4344,-9.17196,19.7071
327.14,984.52,0,-0.19507,-0.222036,1886.42,-457.769,154.283
92.8673,964.664,128,0,0,9999,0,9999
296.077,949.663,0,0.00947701,0.0041115,0.0358989,0.000256625,0.0352545
289.967,951.777,0,-0.0238081,0.328661,113.792,54.1936,61.2099
265.81,977.802,0,0.0382504,0.533335,35.6691,38.4994,156.297
130.554,937.192,0,0.0737704,0.0486559,0.304967,-0.00854949,0.321707
276.677,931.173,0,-0.00336444,0.000694763,0.144114,-0.00406911,0.133823
406.939,972.834,0,-0.293878,-0.393698,20.7076,2.67544,7.66675
112.9,945.562,0,0.0964607,-0.293334,4189.91,-1320.19,460.504
374.398,1049.22,128,0,0,9999,0,9999
93.9292,963.849,128,0,0,9999,0,9999
204.46,968.374,0,-0.466687,-0.253286,32.1175,-15.9091,83.2745
356.511,972.956,0,-0.0532269,-0.396307,0.560848,-0.0478722,0.0445756
37.8991,959.769,0,0.11815,0.103113,105.795,-15.6797,156.209
395.272,1055.6,0,-0.199906,0.610002,2.42392,-1.92364,3.55498
123.203,925.325,128,0,0,9999,0,9999
505.067,1058.57,0,-0.00343542,-0.00418549,0.121967,-0.00346491,0.0591572
504.041,964.521,0,-0.224274,-0.0662406,244.262,-259.559,285.296
24.4327,970.361,0,-0.225457,-0.300839,410.058,-410.27,445.334
396.109,938.053,0,0.440548,0.100446,12.0056,-3.48635,6.69962
71.3478,941.59,0,0.255526,0.574285,3.74189,0.900972,1.49846
353.722,933.406,64,0,0,9999,0,9999
489.437,962.804,0,0.277785,-0.0740399,246.552,107.707,223.182
549.396,857.547,0,0,0,9999,0,9999
150.453,1049.56,128,0,0,9999,0,9999
260.55,1060.6,0,0.0212807,0.0296996,0.344305,0.026492,0.373321
140.167,950.646,64,0,0,9999,0,9999
391.64,958.719,0,0.0760872,0.0959768,5.38002,-0.551123,4.27512
357.018,933.522,128,0,0,9999,0,9999
493.233,951.291,0,0.482136,-0.0683825,1.44676,-0.0417564,1.51527
231.997,971.114,128,0,0,9999,0,9999
260.364,948.291,0,-0.0170208,0.202409,0.0237969,0.000499408,0.0236362
418.303,958.522,0,0.456793,-0.0339512,0.468673,-4.03058,61.0397
374.134,953.999,0,-0.101545,0.0225695,165.389,149.673,202.566
515.687,1053.29,0,0.0627981,-0.448834,119.761,-39.3845,31.3917
444.544,942.597,0,0.161269,0.303772,78.0376,-56.3717,57.4364
479.42,950.146,0,0.400089,-0.0678747,3.1251,1.848,6.27633
90.602,952.911,0,0.308905,0.388545,0.0213188,-0.0024981,0.0208373
465.229,943.985,0,0.1362,-0.170297,18.0207,8.58266,28.7818
445.627,897.912,0,-0.241928,0.0691498,17.6392,-21.0957,83.4234
500.421,1055.4,0,-0.0131248,-0.0132366,0.366303,0.00221051,0.36211
232.499,909.695,0,0.0526914,0.0821568,34.3379,58.9591,145.082
212.504,917.741,128,0,0,9999,0,9999
99.3508,951.024,0,-0.281678,0.157146,4159.38,-2088.3,1514.72
175.59,948.448,0,-0.0940249,0.162834,71.9222,41.3786,60.3771
59.521,938.65,0,-0.354283,0.125918,29.3488,8.37728,30.0274
471.039,916.321,0,-0.198295,-0.0129444,37.296,3.41039,52.3562
289.913,937.391,0,-0.00933523,-0.0255683,0.940502,0.166774,0.910266
485.592,942.173,0,0.169231,-0.225468,95.0662,83.2871,963.129
148.325,932.772,0,0.0197172,0.7377,17.9237,-8.38901,13.2167
69.4564,906.895,0,0.0614059,0.0540289,32.2506,-44.6424,86.0605
363.074,933.312,0,-0.0332186,-0.0721997,49.2243,-25.507,26.0013
120.341,925.633,64,0,0,9999,0,9999
69.1556,940.337,0,0.281403,0.57019,3.48328,0.252389,1.34013
310.546,913.313,128,0,0,9999,0,9999
205.575,904.017,0,-0.0121817,0.000354674,0.00261833,-1.48423e-05,0.00263318
261.632,925.714,0,-0.326174,0.122822,43.4111,-4.78471,29.6414
39.7329,922.604,0,0.117869,-0.261606,164.285,-141.864,175.738
216.879,852.509,0,-0.133036,0.0131558,25.0092,12.4838,31.9833
521.775,904.875,0,-0.283652,0.0918009,72.4276,-57.4945,143.431
236.318,935.105,128,0,0,9999,0,9999
293.22,923.203,0,-0.285427,-0.157978,32.3814,-93.8028,1544.88
130.813,879.636,128,0,0,9999,0,9999
267.762,927.256,0,-0.220612,0.0752201,24.5495,-0.304462,27.174
457.472,874.695,0,-0.502509,-0.174781,112.196,-155.038,471.782
422.364,935.056,0,0.059787,0.000469355,0.0122289,-2.91468e-05,0.012035
140.044,1097.78,0,-0.123812,0.0039289,11.0008,-1.18019,6.28596
381.194,902.183,128,0,0,9999,0,9999
180.927,918.799,64,0,0,9999,0,9999
67.5851,854.588,0,0.327696,-0.18761,23.6555,8.5325,45.34
252.897,888.835,0,0.315752,0.0065005,3443.69,877.978,259.083
125.784,924.988,128,0,0,9999,0,9999
216.54,917.692,0,-0.0511553,-0.0793205,209.87,-164.216,779.464
453.951,886.631,0,-0.172548,0.168595,72.5211,5.98392,39.156
19.2097,928.125,0,0.0274893,0.0164363,24.8682,-23.3003,41.4692
141.53,898.047,0,0.0418381,-0.472846,50.2756,4.47813,1.11482
493.209,879.155,0,0.125407,-0.284341,36.4666,3.24217,48.6206
126.114,877.686,128,0,0,9999,0,9999
285.274,878.024,0,0.000431341,0.00244137,0.0205305,0.000291026,0.0208831
20.3246,915.373,0,0.241984,-0.122684,89.0264,-31.5364,176.495
277.622,925.903,0,-0.0440589,-0.269188,31.4356,6.3592,34.9235
447.107,930.83,0,-0.00719583,0.0137639,0.0616235,-0.00146518,0.0581987
544.231,903.274,0,0.0278576,-0.0760004,191.281,-5.6401,101.123
224.791,918.162,128,0,0,9999,0,9999
418.427,907.149,0,0.311209,-0.103791,175.403,-72.8681,193.585
430.113,1066.23,0,-0.0424872,-0.109502,1249.55,712.75,534.016
501.617,912.77,0,0.119165,-0.541416,82.2932,-12.3605,8.90814
123.108,876.452,64,0,0,9999,0,9999
128.523,878.712,128,0,0,9999,0,9999
32.987,900.523,0,0.00441175,0.00430412,0.0496206,-0.000953138,0.0466716
447.925,880.457,0,0.00655319,0.459102,1456.19,2688.92,5615.14
5.70847,898.058,128,0,0,9999,0,9999
148.286,1035.19,0,0.130761,-0.148839,15169,-5170.23,1823.71
50.3272,897.815,128,0,0,9999,0,9999
189.62,889.029,0,-0.650545,-0.172312,16.772,0.448587,18.6038
52.7261,1054.24,0,-0.0121637,-0.00104694,0.0254553,-0.000540824,0.0274885
98.3518,1066.65,0,-0.0998244,0.199891,5.19479,-0.0673263,7.45232
532.562,889.469,0,-0.500923,-0.453265,4.78958,-8.78564,24.6204
4.99843,881.053,0,-0.174861,-0.310402,3.79028,-2.09424,4.54917
260.268,1030.29,0,-0.0112695,0.000702938,0.0024416,4.1437e-06,0.00242051
391.419,1049.94,0,-0.172486,-0.0117306,126.257,29.9544,100.978
305.764,1047.21,0,0.234541,0.41411,0.0116505,-0.00111291,0.0103592
177.767,902.661,0,-0.00387215,0.00787697,289.895,214.663,231.404
227.232,843.799,0,0.158349,-0.385445,181.824,50.8983,34.3846
15.7553,902.829,0,0.0897721,-0.407408,619.702,667.694,757.65
262.382,895.501,0,0.109862,-0.128722,27.8102,-6.58309,68.4012
343.715,1097.3,64,0,0,9999,0,9999
132.731,880.454,128,0,0,9999,0,9999
52.1899,888.791,0,0.283891,0.103165,141.093,-76.9729,155.26
41.907,886.75,0,-0.00547415,0.0251092,0.365074,-0.0161287,0.349706
513.759,889.677,128,0,0,9999,0,9999
402.621,897.904,0,0.0748118,-0.184881,12.0211,-3.26648,37.1169
509.776,850.929,0,0.376311,0.412256,153.95,-51.756,62.2094
490.05,896.254,128,0,0,9999,0,9999
441.682,862.445,2048,0,0,0.0413717,0.00212402,0.0259768
536.35,889.048,0,-0.521007,0.445975,57.3108,103.169,197.416
24.1695,858.94,0,-0.294439,-0.0631394,15.982,-17.0758,98.6316
86.6225,888.011,0,0.299548,0.0532867,62.017,24.5014,84.693
393.917,888.608,0,-0.158332,0.567158,381.485,-154.427,157.73
372.4,856.275,0,-0.301666,0.458686,20.7734,-6.51213,21.5686
530.488,887.655,128,0,0,9999,0,9999
487.952,837.894,0,0.293682,-0.381879,54.3292,68.8811,202.512
4.43016,889.723,128,0,0,9999,0,9999
207.749,839.792,0,-0.487018,0.269803,25.194,-74.8342,420.281
198.598,864.176,128,0,0,9999,0,9999
444.042,861.054,0,0.116915,-0.218215,0.00174381,4.06688e-05,0.00119041
170.81,888.381,0,0.0218644,0.0658567,0.260827,-0.0139764,0.243541
462.861,864.17,0,-0.00861229,0.0011886,0.0038428,4.34973e-05,0.00391192
493.023,839.87,0,-0.138734,-0.00625931,8.73007,1.23625,6.08112
249.485,879.593,0,-0.0047934,0.0029159,0.00283867,1.09503e-05,0.00281358
102.532,849.164,0,-0.151589,-0.345366,31.1865,-34.1084,59.828
88.4939,1015.81,0,-0.406142,0.0187589,102.042,-84.0983,85.0225
313.945,860.417,0,-0.106682,0.168825,8757.43,1670.83,397.832
309.722,870.191,64,0,0,9999,0,9999
150.496,872.986,0,0.0142141,-0.147461,31.9057,26.9355,42.0269
101.897,847.133,0,0.193982,0.0772255,49.5001,-37.0112,57.0848
4.18176,878.059,0,-0.137934,-0.0834856,21.3433,6.22253,34.7776
9.85103,865.814,128,0,0,9999,0,9999
327.232,870.342,0,-0.161271,-0.100529,5156.9,-5625.12,6234.66
497.443,862.612,0,-0.385672,0.0883751,49.4071,-29.8888,53.8588
305.259,869.184,128,0,0,9999,0,9999
332.143,869.921,0,-0.104842,-0.567209,102.25,-34.0221,20.2939
41.833,866.028,128,0,0,9999,0,9999
310.894,870.48,64,0,0,9999,0,9999
104.437,875.521,0,0.0189211,0.00195697,0.280348,0.00909237,0.232448
156.953,991.51,0,0.0161295,-0.00127724,0.277538,0.00276775,0.330761
258.979,858.673,128,0,0,9999,0,9999
448.878,1079.32,0,-0.316969,0.172404,0.984759,0.0781331,1.26131
307.911,869.8,128,0,0,9999,0,9999
529.837,1091.35,0,0.257971,0.33436,4.44716,-3.41209,2.76079
245.47,872.138,0,0.116654,0.165954,5.76439,9.93184,67.7755
254.992,1076.07,0,-0.0609674,0.00113358,0.00157963,-4.62474e-06,0.000801911
507.001,851.953,0,0.335081,-0.360074,91.8361,328.386,1729.6
147.462,900.042,0,-0.185659,-0.289966,26.2651,17.4636,32.3377
59.8712,856.81,0,0.335538,-0.385096,79.7,13.2755,448.6
122,851.666,0,-0.326113,-0.68987,10.1502,9.49894,18.3943
299.149,1073.72,64,0,0,9999,0,9999
234.814,863.293,0,-0.34462,0.223537,2.21089,0.781827,7.39814
337.484,1081.54,0,0.439249,0.147952,61.8171,7.62572,13.049
286.33,1102.63,0,-0.332188,-0.310015,334.517,17.1926,10.5737
261.132,858.2,128,0,0,9999,0,9999
31.9332,855.168,0,-0.567719,-0.0868186,87.651,-76.7818,340.355
127.312,1025.5,0,-0.0107428,-0.226084,20.7293,15.6511,131.409
150.189,919.112,128,0,0,9999,0,9999
363.558,1020.2,0,-0.163501,-0.0116504,215.604,39.0123,103.409
56.5269,856.796,0,0.0360247,-0.104313,51.8411,4.64123,122.089
519.726,874.463,0,0.0336847,0.0210827,0.729331,-0.0181569,0.808897
113.021,1096.85,0,0.346529,-0.390053,62.6855,-15.8434,23.1089
111.473,848.804,0,-0.273914,-0.179917,28.8255,5.71331,19.7444
171.983,1064.92,0,0.0133674,-0.00282298,0.0880077,0.0036917,0.0868221
263.045,846.299,0,-0.0284288,0.0666593,393.703,-153.2,146.47
80.2213,842.114,0,-0.304637,-0.522518,2.37969,-1.59175,1.39455
303.529,1100.68,0,0.341414,0.0715934,235.786,-320.282,926.366
222.966,863.298,0,0.278082,0.465811,50.2452,-13.8102,35.1025
531.657,1024.47,0,0.362495,0.197566,34.3889,24.7976,55.9795
169.609,1031.02,0,-0.121572,-0.49822,45.7016,-1.54773,55.8944
45.1429,843.953,0,-0.111823,0.296164,62.0399,21.5507,32.7285
142.34,841.05,0,0.183114,0.133659,7.98964,-0.152971,7.90285
142.349,921.64,0,-0.0974734,0.136079,299.59,482.543,898.956
54.0068,841.744,0,-0.014204,-0.01048,0.156661,0.00446697,0.17887
255.024,1016.37,0,0.217855,0.168325,0.967656,-0.0842917,0.918121
59.7065,1074.85,0,-0.00473987,-0.000893164,0.0030617,-5.95839e-05,0.00309798
459.092,856.705,0,0.126331,-0.185792,765.996,-784.185,855.598
167.084,1085.09,0,-0.0449654,0.586376,68.0888,-27.5499,20.3471
469.603,836.914,0,-0.355002,0.271702,1.16933,-0.104537,1.02218
379.844,1004.19,0,0.0862049,0.15429,3.873,-1.11228,14.652
531.776,1073.79,0,0.231524,0.120415,25.9118,-6.75303,15.9462
126.303,1074.19,0,0.0437876,-0.0478759,7.2078,0.198401,5.5236
1.34589,838.05,0,-9999,0,9999,0,9999
346.707,1095.39,128,0,0,9999,0,9999
437.26,1084.45,0,0.0355466,0.247548,8.08409,1.88855,4.7934
353.651,1095.74,0,0.0692482,0.169115,1.06694,0.0138417,1.22502
344.787,1096.07,128,0,0,9999,0,9999
189.815,1028.97,64,0,0,9999,0,9999
196.498,1038.06,0,-0.0296112,-0.161454,33.1665,-3.72889,23.5268
457.642,1091.74,0,-0.232294,0.0325485,52.2334,-82.74,200.375
159.511,1055.51,0,0.00749753,0.00053005,0.00733692,-0.000141816,0.0079926
357.796,1013.51,0,0.00621465,-0.131317,35.5512,15.5947,36.4559
6.16013,1079.35,0,-0.347722,-0.344943,38.3793,3.34322,129.554
500.048,937.988,64,0,0,9999,0,9999
166.836,1101.16,0,-0.411313,0.194081,39.4292,4.42756,51.6617
475.662,907.581,0,0.0129411,-0.00547218,0.0293822,0.000562789,0.0329768
232.614,1036.48,0,0.333263,0.261681,93.4782,-35.8856,54.2037
147.482,921.985,128,0,0,9999,0,9999
75.4653,1017.54,0,0.293175,0.281804,211.577,10.5854,63.8853
372.938,1012.43,0,-0.0185664,0.00226397,0.0465759,0.0013326,0.0471229
136.494,922.334,0,-0.168268,0.0591501,394.841,35.5407,15.758
142.629,862.766,128,0,0,9999,0,9999
150.444,1051.57,128,0,0,9999,0,9999
19.4228,1070,0,0.0436737,-0.071326,5.74895,-0.0426537,5.05243
281.024,1082.27,0,0.124154,0.0969389,4.25733,-0.623312,1.5326
19.5046,1095.79,0,0.407281,0.159456,13.6059,-4.08222,5.32607
4.70702,1077.52,128,0,0,9999,0,9999
317.488,1090.82,0,0.00051,0.000144424,0.0158271,7.54474e-05,0.0148682
421.057,1083.11,0,-0.35699,-0.0556729,44.6997,5.35263,251.577
478.005,1081.29,128,0,0,9999,0,9999
71.4976,1004.64,0,0.0987133,-0.00619909,789.498,-309.373,382.485
166.912,1005.85,0,0.322647,0.126513,6.68687,3.84043,77.7859
149.68,1053.62,128,0,0,9999,0,9999
54.8208,1058.76,0,0.00244437,0.000372247,0.105606,0.0052782,0.110032
510.881,1057.85,0,-0.00643506,0.00762057,0.0323121,0.000480652,0.0331045
501.971,1022.92,0,-0.1954,0.195777,16078.1,-49727.8,154434
120.605,1046.91,0,-0.340846,0.0613753,6.05475,-1.86271,123.281
66.1333,1075.59,0,-0.24632,0.385387,100.07,-43.9816,102.501
276.588,869.079,0,-0.0090979,0.0131162,0.134349,0.0032527,0.137079
399.603,1037.48,128,0,0,9999,0,9999
522.023,1033.88,0,-0.0987033,-0.124353,5.21019,0.0261315,9.23682
106.908,1029.07,0,-0.120524,0.4324,182.53,-23.7399,24.7919
515.419,1062.55,0,-0.100549,-0.104837,40.7549,-16.1349,15.1804
158.02,1076.13,0,0.301416,-0.255077,1259.98,-846.479,625.1
447.935,1078.02,0,-0.279561,0.121275,0.83358,0.169199,1.95828
148.82,920.479,128,0,0,9999,0,9999
431.036,1035.99,0,0.00265243,0.034944,157.931,116.882,156.265
311.253,1030.36,0,-0.314187,-0.278721,80.7008,-7.96455,33.0843
270.159,1039.83,128,0,0,9999,0,9999
138.258,1055.49,0,0.00915607,-0.00123841,0.121429,0.00123857,0.123266
